86201 18 5798 6422
12903
66791
42913
40420
20852
73570
68005
71880
79926
29246
5674
44406
38620
33051
51896
49636
54737
57452
47495
29434
83988
48278
20003
48130
39343
45902
68511
71707
54408
34269
10713
39467
60319
69487
84176
14417
40561
35210
37062
55764
75022
3104
49223
56545
7979
44386
13225
45917
66226
41307
17123
62984
46608
56838
78185
12253
25065
38169
67542
60847
40269
6474
24812
24048
28296
4690
471
31734
36882
79747
61217
32222
21501
23434
48984
4376
38301
76255
35075
68230
74960
53027
10979
26872
74159
78045
68838
33700
37174
2416
42233
69367
32301
9227
12199
17877
77361
48258
32014
14112
69739
58606
1797
18026
37312
48071
75573
1284
21056
71167
5021
39019
30779
43761
70677
17173
30420
85393
20157
37701
79672
39088
41858
47240
85422
73363
14168
2743
82799
31188
18739
45747
48543
78384
65288
43665
53294
70374
19636
23710
42673
4375
4813
82233
76080
21991
14565
4396
85020
80259
44109
69845
58471
7624
50302
502
31852
74489
9090
45311
11705
73176
9844
45723
47334
14009
49874
6877
50953
54834
85195
5707
16682
62447
1619
77586
7706
25174
26852
85767
10038
8246
349
72012
75239
18787
67383
42118
68892
2402
67801
5630
83685
52386
69553
50153
46630
54337
63671
35996
76093
51540
76790
83144
19190
13672
54398
17912
66359
43551
41365
56120
20804
79307
21896
20416
46811
51472
70391
29093
36466
39888
20285
68817
27142
13818
1801
77226
67625
7665
27316
4155
33665
34879
72324
55
24507
10306
59543
41845
44933
16519
31424
75609
57026
55998
24647
17329
72866
79434
36232
38716
48938
8689
70357
41298
51281
3796
67512
11971
47480
84316
47834
76057
38369
37307
75702
23066
741
6432
20038
53949
62859
73017
15326
66859
8656
6282
50424
22815
16527
8358
7559
10884
5893
75046
51403
3917
39278
71051
14696
53846
67558
20578
64568
24887
83146
79664
65300
76463
54890
44868
7201
81809
37286
28305
46183
47350
66477
22688
16300
62071
32683
50371
25892
82560
85739
48012
65550
62975
59230
6645
40862
50633
42422
29012
20871
27242
58002
22823
42323
61373
80040
11360
50118
44274
14974
85759
35103
38449
80334
84580
6781
21054
64491
1574
7542
15140
49421
49534
45711
80467
71125
35043
33939
31238
4462
8252
57047
53736
17221
22104
19747
24278
32191
75274
76955
74096
27002
25894
46873
64635
80010
11684
37889
83418
7306
84311
46855
71061
32286
69360
51500
3791
7524
26923
45009
25510
2108
56516
63313
4961
79036
64898
77628
12894
18715
53092
72265
62215
13483
65006
41021
2432
85706
29722
30026
12608
69827
74528
80079
78032
5850
75183
5748
58289
33845
68465
19445
28408
8415
9653
3066
77889
22093
76906
81046
6931
53692
68016
72894
40252
50236
16453
52385
58342
66029
42819
14493
4890
32016
6056
46317
8810
74503
45415
79353
32549
21330
26899
67368
19699
54256
35950
56586
57635
47704
59403
56941
82688
17965
44062
69026
361
15852
11126
84425
9640
3501
63077
27884
51898
22651
7764
10695
7087
68637
27733
47664
69576
85159
68224
26227
10225
19618
64071
32463
16097
58979
4797
9998
44172
17043
47929
19939
45236
35207
68015
1656
75089
80335
39752
80250
72214
76132
503
47845
83849
37579
47580
43874
39402
28585
49397
19116
30188
38989
17720
82940
17628
47012
26690
84368
45765
32568
19459
30211
9971
10891
42718
54813
40074
29293
43026
56625
2784
49077
31573
34383
9498
39291
59057
8502
63770
69437
33673
38221
14116
68678
23822
60949
43206
68802
71726
8069
19904
71082
83902
77834
21245
35249
66363
4236
85182
60358
36541
82639
67450
16922
54069
79683
76274
2537
42092
16741
567
69057
58338
45763
57303
81872
42593
70087
54854
6099
23874
41422
85323
4272
84713
4977
28944
81954
82880
44665
57282
63311
13574
47939
58528
22475
38043
24532
32891
2898
7325
15859
57632
25495
8714
64810
30883
53832
72586
77734
19907
29426
74625
35197
13223
54114
35735
29321
47957
54458
53772
76636
8716
54320
23115
77682
83234
33937
81516
81792
61499
23304
19241
12448
56903
41975
77699
38988
63575
8279
27621
55178
61857
13631
29338
7567
83170
34435
69722
50105
18795
54124
1614
28213
22322
25340
22541
42294
11038
2258
6378
79207
832
34080
54892
11686
42050
38426
70090
31494
67103
32803
43266
77558
39730
43627
16015
76279
31792
81450
16847
82832
73860
18312
48972
18255
39866
4025
72299
11593
19010
30981
6247
38835
68245
22710
80445
48705
42375
68067
40029
51493
17007
658
79116
60477
60876
5302
42949
63071
57102
55355
34310
4418
27469
71777
48348
64542
58085
46436
48889
75646
22424
61645
26442
5825
6939
85142
3767
15663
81276
70223
37733
974
82484
59403
12132
7626
10970
20772
1600
78275
28276
25029
75657
53610
51572
22986
68017
47374
31812
7990
59956
31598
37394
42119
36143
8669
78876
1286
6374
58459
23317
21961
41382
45354
79495
53100
58997
80102
75219
14868
36871
30478
18974
6269
41415
78554
63274
32292
41546
22706
64669
57358
72745
82749
59830
7484
60124
39020
53665
51844
51858
67037
52825
77637
40008
24886
15293
53806
685
35741
7157
84985
78552
55318
78656
59764
67490
63233
9664
43852
83041
61607
50118
17309
8740
28003
3862
77713
26774
48070
65087
40176
49240
86021
12149
20174
50958
5764
49605
9696
8971
18941
77978
9019
64884
5450
32624
67911
58990
33991
11907
45291
81224
64179
14696
11294
37224
34463
3812
41750
62120
64676
61701
36762
57505
10172
80337
3059
35092
53651
2417
40622
49934
13517
77280
44825
4259
80428
14868
77675
33885
85097
50357
9129
10799
30023
84863
64738
27073
83208
79724
34941
9120
62338
53684
28193
80349
47158
84357
72413
51714
19513
61951
38556
29594
35565
71124
48475
39678
7951
72792
28400
77242
57589
62685
47085
15474
83210
81652
66772
49803
67243
63025
57579
83118
32169
66243
6657
75764
65033
70817
37444
55825
49801
24949
62185
12074
4187
7479
56286
35391
22665
50432
76769
58882
22192
22421
5815
21384
7335
77490
13795
44571
28526
10552
76943
34978
53686
17868
68309
36285
23133
64429
12367
52204
40681
68260
74111
60300
52766
53795
59864
23451
73785
37342
85252
64746
53479
59632
17944
36048
52140
41862
27795
47802
24497
19819
84497
1952
9876
76333
12215
59514
69701
55745
64368
37555
8548
42029
34180
32366
3502
12147
67202
66013
46696
75727
66153
4546
13824
85870
40124
46083
62316
5845
18210
42768
1129
60071
30858
69938
42282
28334
19680
4408
15552
61893
57887
39767
15973
19712
28106
63186
19924
75272
18217
75438
12367
39769
64261
62226
8587
9246
67273
431
38873
84664
49398
58775
31923
81447
64173
35499
24753
18260
39260
3037
84972
53820
36655
37836
37864
56038
7747
6135
30473
27084
21984
65671
37480
38185
51818
3156
46034
41835
56854
10032
35252
23882
58505
4934
67541
57398
81470
22516
60693
11407
59949
69663
76594
46305
31619
67718
78239
69137
8406
7004
51967
33844
57873
11141
31130
24560
78003
49485
58253
85098
33231
41174
49924
66565
60027
27792
71300
64049
66102
37729
9062
41374
22402
36000
18810
23289
23330
41132
70020
25659
19527
38511
71271
85736
13254
54634
12766
56363
41645
9431
68516
43958
29973
36243
84575
72100
28671
34856
68101
52745
32187
39418
75930
49190
75488
391
76347
58675
80345
51087
82265
20183
47440
49118
77774
42960
39861
16042
5262
22473
47169
51988
74876
81587
74498
54718
16971
68930
33481
53544
29679
46687
72457
65232
5659
35425
39921
33898
69414
11101
1230
30410
61279
58066
40274
12835
49871
47939
69777
24672
16391
82336
68714
12090
79341
39999
3514
84399
46797
55120
17516
67161
16230
67493
48836
55815
7397
56204
65383
34434
32301
84439
36696
62307
27613
9867
13785
81305
73885
47510
51171
77889
32805
5376
39572
77103
3551
45231
31751
65536
26201
5619
66073
28551
58985
56911
55880
66991
5964
20361
29985
2911
30339
1367
1049
77155
14752
55192
48211
6760
10429
23648
33210
82710
50195
72
24696
36087
18354
27028
28355
29154
56421
60828
5778
84034
46026
32301
81699
17217
60921
34761
83003
8903
5560
33228
49353
14834
61896
18616
84441
22271
8705
56380
27935
4946
51824
22321
14435
62603
66194
2704
56317
15721
67032
8948
14481
36543
27560
72912
18546
12647
34127
17294
13970
34721
56545
42763
42520
69959
36971
56852
53719
72976
36132
48919
62572
65341
22165
24710
30588
9744
85554
21174
14233
53142
25840
54064
81679
64475
28952
86000
72265
39157
14295
3527
51716
76379
3222
67951
70312
36802
69222
79453
69051
15989
21197
25583
78876
50951
54778
76626
10760
49047
17470
254
10979
13135
33873
66544
67002
28790
8280
54088
71722
19363
8227
54322
33978
45385
22472
74758
61239
3362
57063
30347
19215
2146
50011
41612
11194
28417
48430
38756
56258
30728
27460
25478
67542
9008
10245
75680
5076
64414
68448
70147
7448
12380
77261
65872
78005
68356
77116
66167
4726
4339
15551
70066
48905
58910
46880
31202
84926
48755
81157
65145
3053
77323
38320
45825
53932
37347
40752
56330
76238
8292
80066
39446
62684
71552
21270
70391
7626
51893
1485
75288
51131
48867
72524
68421
64868
29479
64035
38748
42035
67620
69296
3566
78898
70176
78870
28930
59297
8572
36614
37046
76663
76312
10656
56373
4924
21865
56045
59589
70658
37465
60222
76801
13035
13921
51864
29851
65463
40946
36724
59704
53346
77130
33438
29504
72997
37424
85088
30270
15279
34103
9670
8774
46910
77461
25609
79695
35680
69875
7934
38795
42028
76252
28905
49289
12464
24709
26930
63555
50364
43873
43296
61727
42272
59126
16446
57413
2290
2321
36294
5746
12739
13347
76223
74296
85700
4521
64083
43392
48472
28114
15392
66676
14170
77658
35841
33525
79299
71504
53565
60407
37513
54989
52115
52346
25141
1707
33679
28222
85485
12280
72767
60179
53243
36914
26881
1331
59419
17851
11383
50287
27337
76967
29429
54598
82746
85695
49704
59488
84711
35229
39021
36038
84869
36266
47538
29318
57629
66330
68105
20719
54247
188
72973
78026
79456
47253
12844
73039
53306
74670
57796
13645
8801
12489
66880
27036
31619
14853
15960
59316
39874
83936
4861
54150
8216
33412
50692
40951
13927
3189
80233
85339
52402
77002
1593
79319
73108
34188
24007
62141
9022
49251
60409
63459
15166
71541
46462
21610
29685
12808
2965
75622
54604
42605
81067
2584
69957
41308
20352
48332
60982
11614
44899
71456
49921
42942
11278
85330
59614
39384
20613
51021
52785
29156
18623
31659
69455
41435
79661
84827
75993
44691
81148
54580
3303
62981
82507
18608
59858
52315
45934
51810
74633
24076
26859
68097
57509
74298
31540
6461
76278
57468
70616
34575
3760
10041
68257
3406
9561
23020
24085
12513
27399
42984
4471
16784
11627
14022
28792
19031
76876
84696
39927
58753
30359
32746
58671
29860
80347
17171
61158
17382
17178
68975
73334
84360
76550
23887
72384
4054
46832
49504
85324
25141
5089
49886
59184
85800
509
40858
30945
31449
54245
39124
2025
30266
18933
34921
18573
44569
13085
79138
6751
83131
24862
17405
30643
481
9102
45323
31138
23134
12948
13182
1189
19721
35363
12709
12954
80304
74587
23019
56954
56383
32109
78600
43601
53147
20041
79663
12918
3194
1090
63907
26840
45405
24920
31454
46347
23151
37236
24832
83385
38592
68987
59040
7652
26030
83151
34964
71754
61494
13036
78819
47630
53470
60802
30277
75039
40873
51003
18736
76720
82363
32919
83320
7468
66784
47898
30114
9949
57890
38047
68678
77996
36928
38606
71250
35117
16902
72033
2321
61226
48060
65990
47938
30291
10
64638
80819
45262
48593
60820
6725
38836
51103
15503
49816
40079
44274
43875
33819
75918
69197
7572
410
17832
57628
59827
78919
3983
64804
12105
32619
72070
40621
24497
4393
44865
54883
29747
72263
54760
24247
29302
73734
39070
47172
74444
30335
53239
7684
10288
33840
57364
20525
49607
77994
79680
31575
13933
60339
39461
70631
35703
62420
53911
58150
3783
28195
5563
10470
66178
57891
10933
15818
63098
55866
56852
76562
7713
85228
11332
7732
13202
12656
41475
37698
36174
71434
14862
84686
66994
59457
22030
54683
7271
44030
5923
60840
70939
31125
66516
49260
81259
80539
36247
38587
68774
40785
31160
66055
73365
78339
81595
67038
72198
81323
9333
58518
55153
16168
38234
1647
37246
2795
55986
79746
45042
78230
44478
38573
83538
64459
84906
27599
60117
70689
40557
22342
24660
11238
59466
47019
72833
5802
17427
1757
9680
70197
42853
53922
62143
15983
70002
66423
79419
59494
44394
32664
3286
11229
57654
22751
4630
80845
80886
31953
30347
25198
11527
27326
12209
11589
69590
14090
79390
61854
1588
3522
17787
24792
36492
67895
1926
16001
75565
40650
71688
31696
11582
28612
54054
61647
20063
4524
37411
13136
44491
42267
45993
71867
63988
22081
69579
66813
32039
66308
32015
32907
26725
9741
72672
46951
28323
59085
22197
19553
81482
50462
15663
12516
81299
27808
5862
53677
35552
37957
41021
33194
47430
10581
63270
27704
48095
84134
34934
30447
81645
82964
17439
74988
16814
29672
84993
26869
30499
37618
60465
35940
21883
81995
81038
62615
1344
58356
14763
51032
48523
63142
67650
36184
579
22119
70951
23460
36402
70748
17057
84122
1740
11453
21038
66949
68698
57413
43399
18627
14384
44941
39260
56846
63648
12241
48861
15402
8779
31187
19968
25983
84838
85038
16963
15810
74472
65930
18
12107
61726
35695
85483
50103
28880
69425
26683
44700
56661
76725
5741
12309
57749
7043
54378
74590
44885
43034
4318
25694
61356
22943
41935
66473
42595
85234
34197
23311
62789
75077
14894
34922
53820
21386
53257
57961
20923
73880
55992
71749
85030
81385
41735
63090
23955
38886
8826
26022
34377
13120
55350
53787
68839
34089
51944
22689
42490
37370
33959
65804
18889
40117
26028
50816
51555
17100
25992
27487
30826
1990
18192
72170
49617
7602
75081
62623
32101
38884
29235
66445
38114
64860
38665
60888
33311
27940
37498
69719
39103
47905
42506
68520
47573
6522
3953
40122
24312
76071
42482
37684
26111
27254
43540
29380
80685
32373
61006
30847
49900
52397
56572
16674
5578
17021
44295
63898
63987
14986
47
50299
4225
27920
85465
65698
65683
73131
41205
3705
57441
48831
40098
11399
65139
3578
44570
79657
14070
90
71966
77358
66114
26496
25351
63584
24408
65022
64163
39702
2490
18116
7798
56106
51142
57184
79286
49219
9419
824
85078
79308
27883
74358
51451
21556
47978
40653
29943
57602
45751
56863
47419
69609
81712
69888
33258
37934
35737
66087
14662
64098
9425
19422
25337
63005
49337
45284
47101
34033
22178
55853
34215
76014
81249
72135
7586
54296
74315
84132
48280
84591
48909
18942
37310
63689
56796
40247
84337
28928
55306
82555
22552
30908
67325
59531
3692
58854
37690
12883
83412
84936
36217
61570
75838
52046
55921
42463
55143
79572
33986
8841
71354
4824
22346
29554
26867
65094
65866
53694
23616
66772
61408
9279
80992
60038
38531
69276
49087
16418
66905
23796
80112
76810
14045
46537
57843
2815
35005
6008
3131
44086
82890
48
33612
50908
76674
42929
82527
11259
13376
73613
29047
76206
70607
30491
30424
41656
70714
65493
24344
56706
9897
44367
3997
28665
84297
65177
20653
74753
32778
83482
34814
84371
10361
51972
60047
10639
73448
58726
27171
44461
11989
45566
41999
46844
2797
14340
39589
15959
32274
15119
47182
48846
16369
22268
36439
46766
51892
36266
18068
33134
76501
17932
85716
75041
7661
42855
71924
75054
36058
14908
26739
13625
61011
78340
29684
26604
63538
76513
43067
19675
61317
32018
44467
80490
64818
66557
22236
40951
81492
21613
24012
85192
68079
28204
40228
25424
50296
49664
11127
34073
1245
79696
78332
78086
74959
36527
69484
11194
12118
10164
65474
73399
9752
72043
85793
7484
53147
83049
120
10418
77648
85392
40819
31264
37097
14519
84761
26733
20945
39155
30083
69223
23242
82750
2704
46009
77030
44775
46188
44972
72789
71667
74868
75110
73235
38595
26739
48397
69847
64828
48307
70963
20441
13946
62274
28599
12976
19683
39927
72629
25254
51990
4774
15114
1412
44097
60716
33703
11813
1489
60604
63364
77620
31363
30097
24892
81442
71236
60484
15057
84867
75707
38021
73596
64541
28015
28288
60317
79469
60126
75236
75324
39717
30280
50826
19160
38257
62961
48917
66544
55107
30908
62739
11115
64719
85367
18160
76284
245
43135
941
33331
21855
72736
46815
51023
35545
79961
65357
83936
56689
1084
78472
52818
14245
20955
85054
79927
83793
48790
76902
82538
39413
37515
64878
23355
60066
33810
20028
24533
53768
61761
65527
70199
29926
76155
55091
33275
18781
411
24794
34459
67515
39062
72769
66499
66101
65137
73612
6539
80452
46561
31397
67220
15955
44761
20417
44953
61512
64490
28529
4683
28928
64667
74641
17741
67325
25419
41687
29285
81759
17376
52685
8304
69428
17328
7201
34841
51463
5069
57848
61516
83897
1980
5079
54790
73883
16941
37839
84820
66244
67535
35833
83021
30954
8565
62649
43266
65547
1531
53251
76204
7802
27230
84024
532
69901
23562
81771
36827
56318
26257
16900
47477
75920
45315
37755
60752
3433
34740
52197
63098
85695
74598
79925
42534
44554
42037
58747
23881
14905
87
33002
52876
58451
45020
26203
83446
67293
80985
68167
18240
39686
21433
22196
7243
875
23354
2633
15578
68830
46389
85652
7725
31772
8729
54251
39191
12688
53048
51074
44378
56993
9917
59092
23149
46680
83296
21743
28399
75919
15124
46988
8300
50543
64884
82283
479
41072
48381
64126
5274
2778
55839
77725
86147
50957
61789
38871
55743
47069
38992
44245
20375
18088
74032
80268
11559
52792
40063
47228
77183
39805
43905
60687
81862
37919
66932
75435
15995
79470
65476
79027
80285
53769
85439
59572
18931
68460
47316
9560
48458
40938
39898
56741
41934
28025
51425
41216
43568
82845
25543
37260
28341
41524
21558
57401
46017
73338
61671
41817
30237
4560
36157
14068
29097
33058
67066
33936
25377
41593
41745
15345
64256
64367
53145
83467
43169
79195
23116
5976
85245
66962
78725
76044
17660
885
29821
57378
41517
1600
8988
1994
22647
48507
10696
19115
5272
24756
6619
80183
3256
12850
5482
17349
84639
79842
276
26562
73824
15718
25725
17447
66602
15797
16666
58102
60346
40736
51191
46479
7255
51994
4567
29312
21554
18906
33899
64089
71453
13270
16283
26585
65800
63917
71041
56305
55904
31382
41645
20862
28644
28209
77335
4175
52114
10002
5353
5749
55217
83109
27008
39079
48417
50815
20645
30317
82342
49534
26044
53422
56136
48360
79512
81112
54305
35169
15102
23246
49574
45337
83168
4878
148
67172
65954
82574
30931
64406
45677
54724
45789
83891
77019
73293
49451
62927
85430
35071
35650
61868
42194
10326
27617
29357
36959
13749
56215
11062
66617
74239
38906
12540
22255
11124
16531
22845
60159
16563
40486
67977
2892
29217
41539
56164
82168
9992
68156
71711
6846
43294
48470
2024
70286
39157
18591
53969
6457
19082
47739
69270
46510
39191
80147
60293
17878
57970
43565
3809
72996
25828
62222
2281
26436
71573
58593
67310
60812
76634
7478
32986
85289
68558
43922
68094
62001
33273
11301
83268
3903
81992
8439
15588
51987
9603
71038
10373
58339
24403
27461
7278
53113
74432
30053
46323
44565
31524
71618
79267
27688
33640
10862
30895
71728
28951
11647
70671
41971
45354
76416
41661
25878
47603
21915
79111
16054
13350
75980
75062
56347
56392
48320
52987
66402
56306
6728
1359
22514
73670
80121
20937
66054
22327
22611
29008
2405
72253
13798
44027
43616
43380
63731
5602
50163
25132
14055
40325
81464
16936
37582
3241
84692
36838
65146
43059
9372
24196
44456
36871
28655
81654
76599
6831
27949
19996
25070
78680
81625
16218
83996
61038
52055
73806
41708
40331
74892
67591
11694
39366
26518
60953
72780
81232
10298
74616
57884
55814
69262
14325
16819
15310
53430
5985
77038
42137
68282
36078
37868
26830
20845
4606
25027
38389
43068
24263
73186
33532
27405
76678
71999
47847
62147
21963
38666
50957
10652
21432
41734
2506
70110
19530
74751
36208
14188
33343
20708
75673
40859
80924
40673
23904
4331
33234
62817
57042
14868
41116
22321
58852
82534
57193
79465
51925
72699
82128
2725
25158
6295
15475
80070
51350
35193
28466
8820
57574
38716
22510
24183
3651
10419
13714
48107
74750
38071
20563
51767
43028
51564
61320
205
62371
51987
76916
13421
61454
61657
74592
77969
59085
39250
18162
81934
68848
1440
53703
38482
56948
37653
8182
77786
25562
72274
68555
9357
45165
68496
5971
47033
33846
77237
12234
75346
2497
45599
9425
85787
25905
17913
18512
22238
72020
76517
34190
11764
23820
77764
12458
37450
80696
13042
78973
3255
61617
78608
78979
12644
73989
68525
21102
82374
15853
37034
19291
2513
11545
31590
3442
56722
55854
11270
46079
27501
78026
49281
28580
35702
80759
64053
45846
9100
10385
39471
78831
5204
57754
84494
12472
235
80660
39773
67967
8088
49102
75552
53574
71099
15604
3633
20426
82067
20407
43655
63411
78666
45672
47172
13876
9011
11884
7748
8223
5203
9309
66949
49929
36039
74690
2927
117
27322
59372
44361
42679
34862
42344
8298
31794
56099
37352
52525
79753
80136
59170
6223
14474
54177
16510
76464
42806
6824
41660
17164
22412
58598
38928
70264
30227
21783
9615
73087
38386
10614
2025
63602
7476
14114
66890
84690
16876
69406
27141
70532
75831
58823
9799
42009
23115
73707
51675
47180
74120
36554
67148
6528
11912
61350
67081
38521
82302
20790
64038
62210
19497
1009
56713
18484
23763
6914
22611
4687
81954
44050
49230
41429
20891
7485
15071
15083
28410
12682
22729
43181
33993
77141
70563
41091
44237
56230
39396
29214
85705
23913
7361
64930
14688
47697
23476
63157
51537
64862
49343
78982
55447
84322
7863
72073
60464
75453
67746
23000
27236
41494
6234
56117
32828
64980
23024
62500
78621
13670
37917
82980
674
4818
84957
81955
157
50045
77748
59042
38857
15489
40120
26168
76971
58757
67531
26775
26257
46124
21258
16877
42563
18842
47842
37176
30145
49959
83722
83813
54586
69071
25396
45502
12242
26207
11587
38669
8618
85618
7134
13645
53882
29320
13249
80801
22426
21918
4202
12472
20945
56980
38116
69548
69550
81409
52172
3433
41939
84617
77351
81697
51713
13443
45808
13331
80796
73521
77841
26669
23522
8487
7754
8471
3345
7057
55883
76071
49267
34899
49247
32763
9971
8035
30271
75069
19786
65390
5448
16917
18844
44421
36731
59952
41800
13431
3936
4456
24938
20836
63948
56771
31178
35009
50116
52761
22549
5331
40962
32885
53449
65597
30739
40265
2494
33855
77716
2972
30423
81969
72334
73155
40412
84896
52033
25614
82905
66964
24598
58017
32231
60996
36106
69037
15777
49027
75159
35945
44369
32454
3155
52722
83064
25541
69905
57170
32656
6522
20944
52459
16841
13393
48841
65180
19613
80407
64689
8836
61115
31844
20490
65608
70111
75409
76805
69001
63951
16092
38371
31365
5644
81825
65319
14120
61136
80384
63647
31339
31810
30665
81596
17142
42599
26636
23615
11580
27612
18043
35591
17310
71327
35172
9020
53415
49264
2312
41970
46279
51271
50108
67683
58081
258
45052
7573
1366
63129
11270
4022
36885
64857
68856
36139
70168
15639
67858
31993
81371
79576
82290
13826
10552
74592
82116
62548
15964
24040
73474
24566
25684
23538
39887
6489
3445
35317
5357
4726
6981
30188
56925
53164
28472
30670
5337
20005
16512
59905
15347
19651
39393
47861
85226
47714
67641
50525
5254
38926
21595
76153
60771
23062
27416
77726
66732
44823
66509
23613
41540
24563
8263
25569
42281
72530
28717
82268
12860
910
19463
69617
56793
27437
23517
24358
54476
57550
3983
63501
83785
27392
77428
47160
16878
82544
62996
20239
21680
67786
30829
14509
79412
8715
52586
47642
23842
20639
20932
3985
55140
68629
80533
5087
33605
39323
74244
39284
14013
11914
72404
59549
23691
37851
52215
4030
78401
6693
48748
2123
37617
82653
25881
31710
41828
31103
14111
41435
51211
43840
47384
28205
51473
56759
23867
53383
26978
9221
68680
46110
49554
77860
1942
15634
2464
38513
7644
34341
6675
85392
38824
54526
9145
15933
13757
10803
56939
32733
44497
85337
10370
28398
7666
67079
25561
41622
63882
15206
45313
57655
32837
5701
62520
74243
38274
3773
2714
72990
78601
43342
56791
3708
10351
30582
73543
14442
26871
29877
11482
24268
14551
12265
55832
49865
63694
34325
936
62399
16630
67872
30107
82229
62512
10586
77014
11987
78153
12179
10513
46847
84581
2196
33629
17107
2687
48521
73650
62483
17176
56722
47211
68245
34892
38844
42045
84323
30243
52565
82681
11639
84636
60162
60021
35754
81152
58864
54581
79864
24640
79702
8116
23108
80009
44056
66937
16630
31588
46605
66606
21437
28339
5313
48323
29283
17031
49798
8378
37689
7944
51210
52121
9302
10605
6476
82846
75281
82742
25377
77903
23100
4780
16525
82997
69744
7770
6760
20215
67373
14098
63422
5279
5785
623
75167
46366
57714
83683
77585
1213
545
74427
18279
1619
83900
48389
52429
47756
73037
6626
49748
62980
68206
33396
37383
67991
53091
5018
72646
52157
54461
21537
49725
65397
57993
30851
21732
19233
38243
64766
4523
63092
39584
81722
7796
48757
12779
6904
83911
54367
30204
40210
47856
54552
53516
71800
1827
65035
56377
23201
59203
51679
29369
1842
51120
9800
62694
65406
46924
71847
56721
46637
86091
77297
34074
77740
81639
18627
39015
50725
26272
67566
27866
50238
38218
34556
75979
65506
50304
65262
9520
55789
45784
81491
38440
80453
44964
3013
82670
49703
2211
1417
68938
60511
82719
66289
70796
75480
28909
73116
59880
84079
29757
54939
60057
29269
22260
16404
25468
19560
44138
48963
18469
55982
83920
83057
79146
72418
429
48114
67667
32949
55922
63409
14013
4112
46601
68485
70429
18612
72063
31579
66868
36744
1688
81057
14346
27470
70963
73020
47495
65161
14795
60933
30870
85925
4434
86069
43499
68391
67770
74132
12063
47173
73778
55960
83747
38281
63007
8930
81641
327
10549
25806
86045
61237
82267
14840
10248
34325
48462
60214
70647
59738
40151
76488
8831
7338
53300
80222
46715
71497
61006
47140
26420
75551
6189
1715
55867
53224
46957
13778
18387
44886
49803
75805
62044
62614
69869
56948
64649
17998
32196
31094
2730
64773
59604
25326
7014
29864
21334
12314
26175
3594
58104
1749
33692
45559
69713
31503
23866
82364
35478
2781
36694
31322
57062
27490
14200
28223
51303
83907
29776
51182
36771
27661
46348
38370
8613
44816
72689
16608
30932
83413
13495
82346
58034
10586
50074
1813
8984
833
32543
74788
34114
5865
25348
56277
70058
25174
40890
61971
46110
51035
24514
4293
20123
62198
29925
59606
75059
90
75090
31282
78055
22140
68023
33948
59395
18245
50632
68772
57480
47188
69046
15334
31833
71717
4041
49479
66644
46067
7601
27899
60587
16501
77066
74851
35519
84460
11920
42211
32029
84563
1614
23885
16388
10914
31199
67771
1205
24667
30082
55235
67263
8922
46599
12000
42528
49195
77009
45817
76702
48774
17698
76845
72717
35442
47429
81139
53320
67622
76884
36449
12387
77663
43744
1469
17207
85877
20077
19738
63818
374
33137
80078
41379
84106
30097
3646
43506
53674
25835
48854
55879
80605
15814
58519
62166
56773
42100
16663
45666
84731
65273
37903
75949
77695
79302
58896
38239
56309
75637
25573
17033
16514
31063
82478
2760
37599
81184
10813
13167
38011
60142
33743
40965
21888
14207
1574
70940
66133
15286
25043
71983
1031
85396
7401
68573
71799
18914
67279
80722
39950
28907
24308
74581
68138
27940
81337
28236
59825
74325
56937
78772
84752
80104
6609
73382
54599
43623
55298
41238
24271
83414
13241
56757
53085
51607
21774
1083
66104
72241
18664
40123
7050
55531
21311
57908
14419
17555
64172
12829
35640
27702
19544
40607
58049
22146
20893
9780
60326
47794
53249
7624
79134
86151
25278
75867
47381
35
49380
22730
61281
33958
3326
72498
49248
74919
14179
76241
76058
77827
8633
83727
58906
63352
54366
21534
85935
50989
45397
31362
14168
12572
13330
4920
46749
21845
34814
10685
72270
46241
61995
41574
84822
50297
81397
31826
53145
84973
26296
46310
1878
55182
65886
69828
20451
13102
63541
45244
8985
82562
58756
3159
61599
34333
31496
52585
22875
70017
25097
26789
29628
73798
46379
82434
72012
69851
46024
53005
30474
77992
20651
43170
31937
38741
48101
6826
84932
64216
21926
3260
11957
19312
10943
56760
82486
5275
29648
27095
69984
35879
77572
56129
70989
73378
15222
49488
65708
32134
66424
55797
24123
35998
59435
32044
14473
7176
37114
80777
82933
11156
47543
73602
78447
28310
44781
70524
15180
74080
50691
55279
45028
85979
33588
26933
47289
49130
28704
60526
79621
25711
19376
36509
67915
18581
31392
73921
28625
19428
60020
62324
27194
53128
68049
81808
14990
60780
21467
35245
51197
29718
19778
7153
43453
76456
5776
20604
28601
47258
48105
18738
34551
28071
78742
57414
47795
50934
2890
54553
18976
28004
70295
47667
30947
39213
19166
42129
23022
69900
65891
76190
47691
59217
78478
6155
919
69162
65833
5634
15333
21206
33072
27031
53107
7799
80143
22061
52143
52158
78137
31053
68661
5055
11183
38861
24683
2524
76867
73417
53668
3867
77584
26355
13498
6861
12871
26248
16585
52825
16711
31765
38900
64848
11467
18423
59833
36615
16372
38029
67618
43765
15948
68258
3678
16747
29277
55175
41221
58143
66999
16969
21958
15077
11498
64685
9597
34046
47471
56396
73670
79730
12919
83520
79163
50581
66677
63661
85094
85751
58722
13097
54546
69867
53687
35335
8252
45418
9848
54501
34853
42846
70330
22749
18849
82269
29980
11515
30703
33268
51841
40219
47105
37416
28152
16106
62760
64522
59033
56981
75962
53351
59943
34864
74965
55213
33835
59101
65971
25822
77893
46966
51883
79224
81722
58555
48686
10046
33122
49663
60247
4345
35492
246
45596
53669
10946
57863
51482
27042
73075
33730
8671
75076
79825
61673
53009
83098
32954
81010
43744
78009
80645
3964
66902
74361
76588
73904
57397
78392
62657
52468
58222
65464
49663
11159
55217
81005
17190
50901
5279
48716
44861
36065
71078
62306
39636
8544
42124
51365
43371
35482
42450
62191
53235
14560
83878
72337
29609
36924
63227
33148
1160
44566
76604
42721
86072
52089
66614
1596
76714
7309
544
28400
32341
44570
58951
21950
1873
53132
84865
36001
83498
59933
79155
84529
84936
57509
48115
30525
33397
38828
70892
64158
20302
51924
390
70095
288
42817
73038
18286
81663
30978
18791
40568
48083
57826
23100
4496
8781
49914
15223
1502
46807
2764
77993
50399
39620
64842
41256
47817
26163
75406
2643
48381
59926
62511
124
55316
24970
44007
55489
57719
8390
73083
71966
46915
2994
18884
6654
50942
34078
84433
55448
46928
1103
20156
16766
11659
27832
73774
32475
60434
59874
5030
45917
62948
69737
62557
23968
24820
52226
13580
6071
612
78340
61792
71188
27242
50104
41635
30501
352
71044
1496
33999
57404
79217
67202
70786
32099
60591
21443
77913
50404
48886
48086
81267
43245
34757
62353
10275
52925
66334
2579
56787
23751
60234
66184
49847
38391
43036
36122
48475
43226
47726
16824
23344
977
5619
18979
53014
75430
68835
34650
11970
76432
74295
72129
12327
82073
29233
85566
16767
26166
60972
8378
28066
2002
13467
83623
36929
7453
2057
56660
13692
63871
42083
64196
44591
41205
20116
19870
53381
56143
56191
44655
75968
38881
41512
78674
55613
7607
60777
11151
1270
56093
81479
81826
50184
35385
11297
47202
4135
71153
30766
12853
28782
83892
55256
76775
66457
12300
48742
74683
43338
79114
12140
18954
72443
28367
27844
13732
50999
10053
33445
21545
37742
55855
26109
85005
51109
42439
79734
8695
23179
62222
8478
67079
54362
49205
46936
66045
79027
66340
76564
13270
26556
47544
53291
14750
77602
64038
4631
44861
11255
75492
38934
69606
68731
2768
73013
31685
45863
44432
49641
22654
84871
68332
18756
49491
28687
61966
31344
75047
58140
51736
50072
7849
5650
58288
40966
3903
7357
11314
82897
85149
70100
81383
72400
26946
9109
33515
33959
27705
29378
64528
33731
55218
11546
73825
65517
14984
39895
64515
13123
58474
60074
33533
37148
18513
64568
36160
7002
60646
44095
56446
69761
6068
25507
43109
44084
83761
5022
57714
29552
13349
70565
26928
64535
49830
65391
27533
49437
2471
6343
13887
5839
79581
23722
4007
66326
8984
63354
73890
64655
40900
7754
67649
51802
26776
65459
18746
44562
54192
2060
34720
38832
602
29237
10547
69592
18597
33954
6582
34272
35736
4561
49402
75941
39991
6075
60185
44038
81589
77519
80361
23992
12136
53091
72995
2657
55356
80336
1154
46088
33464
67801
78811
16483
52861
80033
28015
73649
14019
56008
19315
25540
39226
11187
34772
65457
76758
12196
8117
6413
29547
10141
28402
79785
12025
16479
13039
37076
55513
62974
76546
69437
69507
42556
36922
71952
44701
80448
1523
75608
83111
33367
34454
23316
73230
14165
48906
36365
71606
41664
30607
83627
66080
52267
63708
55795
58555
27225
44641
15158
48517
44378
8994
16676
46869
6581
10472
8456
79215
39640
33176
59004
35343
19162
73867
84105
4262
31845
16862
12525
18720
21100
46647
80893
79612
80129
29618
26872
34826
2790
6801
36504
68103
61576
66388
18491
40843
35959
44564
26016
69229
25862
83516
33918
50411
9748
44086
716
42254
44591
52740
67322
72978
19689
80114
39276
19195
76176
45688
39191
20521
31253
3934
1281
64695
50935
25840
37067
78347
41831
41769
9985
16165
11186
34425
33756
69888
73022
49247
43476
57508
72254
52230
63806
42373
81236
27841
39707
77413
81639
83509
73698
76423
20208
19771
52672
37913
15918
55393
75162
59413
65157
14544
28073
22810
83845
59493
84005
48688
54616
21088
5958
28538
5227
72958
48346
47410
24568
53784
60596
73785
61543
37261
16776
50717
36231
59382
11264
65124
53097
52466
5829
74665
4283
74833
54715
54273
67766
66238
54981
16789
31112
31559
60216
49963
12149
46664
32486
60060
17614
49471
81145
52593
1251
46148
28686
64446
40580
817
62513
29202
20745
4762
83895
56367
75065
32731
31626
21463
25746
36691
13736
65717
3287
29841
76344
63156
46406
15609
65581
45284
15810
47475
56020
2861
16187
79119
60359
78164
30988
15606
5555
5018
46629
58325
68124
21749
27729
53883
51569
72222
81485
9926
53
21560
14126
56225
31375
59290
462
8524
6044
38470
36152
16306
4133
76983
24779
41963
45041
46173
20773
53064
73448
84380
82671
48523
57809
83102
69557
40140
6580
58733
63866
71649
47100
2363
16867
34851
30865
78455
3735
38982
68461
15273
67652
64058
23889
40919
31584
53512
34855
55827
54707
18490
49867
63274
59118
45613
41440
17085
66237
67805
66788
71979
6840
41235
6605
80604
60485
31196
21192
24909
67433
76544
79328
33327
30521
49577
41982
2297
48522
19671
42996
26412
80853
69828
81312
11640
45806
53866
67187
9124
23690
21307
41722
20795
32445
32219
65791
79904
81802
75853
21830
57068
36268
70002
14397
79712
12800
37877
73527
37180
76847
72644
76558
59082
9437
793
29980
6938
15749
47476
63264
36428
47552
82216
12843
56887
50103
75801
61496
78893
35738
24380
54177
21363
61636
30755
35022
35353
47443
67410
61842
39227
66861
71076
16243
63593
71051
39491
31569
38347
38485
47439
37763
19524
59022
3537
32673
68523
33634
65269
43129
77819
2921
8050
80794
48693
20387
37313
22304
17204
25945
1940
86188
25537
17227
52479
5230
61692
26765
14443
22522
24252
29599
26334
15009
14002
7870
30650
11181
57919
46393
83366
77765
10813
17647
59699
62802
49318
62010
43020
36733
19773
37108
26726
82286
20635
55685
27292
67304
33846
35924
10465
25050
81737
51639
19569
77181
37488
14339
67455
58997
28511
42332
74492
25317
77244
23815
44458
44648
55464
46054
80377
14276
60681
3052
24933
73012
14433
11410
18218
5107
64706
845
71732
20681
44302
63126
48616
55652
7347
45617
55951
84118
61054
55012
38100
24789
2377
40065
66671
41890
26456
33091
85533
34340
40243
47447
42282
58189
67012
32996
46290
14864
3351
30630
83959
48647
56462
51265
55004
19140
18055
15993
65258
35308
25654
62556
10442
10122
51751
23005
38727
3288
68647
77216
32901
962
64393
37399
54035
15726
32087
66608
79274
5358
82994
16739
6700
45738
46205
40162
399
81689
44113
39510
24380
15703
68477
20776
32005
11666
32383
60688
82679
59429
30888
84075
66823
66612
43421
31470
1457
47159
4873
1846
61255
42831
19046
85451
15004
83801
34790
76851
68961
23798
51492
19554
84584
77350
1512
51182
20023
33760
32321
25112
28928
78226
28823
53925
29590
55576
29759
30339
40065
16571
1612
84036
393
70904
84296
83221
17210
74552
40910
64755
17685
68740
23996
38428
65192
34302
2523
39818
45190
60828
34286
72277
44836
29000
61396
51027
50385
54916
64789
48085
74750
9216
14786
85088
30781
39151
63276
20679
2743
79288
51639
8889
28641
62020
62712
10112
71400
2375
73457
11975
51702
47308
43282
14955
44543
15555
85167
80533
51903
12075
47243
58329
32608
69594
4492
83620
32576
69168
20123
63423
71761
60205
83728
15885
28225
72636
71759
51880
38895
33396
21919
28532
56827
74213
55428
3755
17089
43359
78708
10115
79566
55169
42840
64541
26099
13512
4614
10335
77829
8105
34624
55384
62467
34791
17860
50756
17822
15698
68502
21705
27136
42611
83859
48062
40055
4791
124
50701
45413
55698
30174
3490
80552
26883
73943
2281
5147
31752
2159
12309
27356
47488
50058
48264
8722
68989
81513
5939
1197
50145
49700
83536
5983
35380
38532
76851
72148
4817
49132
76273
72460
24302
6869
64659
66469
14148
81102
59984
69763
55615
5737
17341
39797
60679
50604
10604
51140
25253
37532
9580
69317
12847
33581
73999
59239
85890
8892
26218
65374
1361
66645
83532
52383
21686
31146
53956
14129
68638
13575
48708
85166
43451
58411
63373
22319
59188
25986
21529
27103
28348
18359
298
51540
8928
47835
18045
33823
76208
42179
78248
61190
85021
2181
63137
61213
18308
64686
47902
73088
13883
56655
33165
63093
51889
60547
82562
61387
51887
2613
48248
75155
21177
46097
17962
36506
8749
83609
72145
61051
8834
78887
44137
85448
53919
73840
45200
55813
47654
426
75011
29264
58626
4573
51469
70415
36448
31873
31134
32426
10515
54515
69119
11540
14063
19120
76503
30452
29631
19031
63239
37695
80517
52232
48465
69424
30130
80129
3913
41527
50952
7342
63017
60133
13293
12513
70512
53258
26758
1376
3066
36098
40225
32691
24884
33597
21805
49271
74381
35569
86190
10056
75017
44981
30192
78007
24535
1691
61638
79248
53537
36871
10201
37601
53241
81071
40345
20011
33727
51197
57752
75130
71979
30121
31392
13471
52446
27811
68652
31039
80667
20807
21463
22577
39958
46982
9613
51050
74950
40993
40402
31382
20271
16305
72889
6771
11966
74480
66682
43544
60350
57993
66130
5743
22992
3138
81812
69429
17706
7101
56118
83257
22668
81533
37684
4918
26691
78626
18475
73236
55229
31129
28952
36648
25502
36305
41448
67813
18128
67039
36389
27872
19476
74219
12258
56717
68322
30888
40102
33379
84452
39438
7618
78437
76268
65916
32748
74488
54327
50077
80778
67025
74321
32917
70203
67876
49928
49921
67716
55907
70540
86117
12033
85847
82352
8244
79660
41668
52166
32393
45781
43457
80083
71032
60062
61855
2522
57148
54763
32592
74933
56959
47512
76722
29383
3816
29352
15758
3456
15530
52543
55941
6176
9448
31398
64922
23191
6498
63416
84883
31677
44263
4340
86054
56659
2716
66215
21593
13353
34906
86030
45046
60780
47504
41655
77220
20961
44953
33833
40553
53787
69791
51022
47486
26274
12440
75283
55831
26944
79381
76697
27950
46519
446
70976
10944
69805
8075
35326
51812
19065
63605
12711
23743
18497
73305
27646
20755
52232
24374
30964
35203
78356
56875
9128
71579
56524
56985
53308
69243
62950
44773
77330
69106
15479
55193
16284
61005
43018
56148
7093
44984
67491
60066
2986
79780
48838
65797
84753
50591
25294
31397
8287
81070
32298
33742
14826
52714
31818
74795
74522
54209
70574
48564
13658
8894
25196
1484
26018
6798
50949
83771
44596
55508
40514
52252
43277
6193
70729
52498
57832
21101
48912
54102
9039
84583
15549
54402
39979
38988
49626
3254
50878
63792
65621
2409
71385
75945
68522
154
15086
13873
45970
65060
64334
27003
10854
5559
50794
27724
5213
17019
13799
38676
61874
67173
41810
18253
3219
55780
47336
54445
80864
21231
6695
67910
64241
38384
77754
38516
23150
52627
4659
68241
38531
11847
85920
70137
4890
84021
28547
66118
32377
71334
74556
70311
77124
52822
64190
26893
65459
73666
27736
41300
79803
78881
71677
41196
51000
83478
23505
69990
74032
55819
72373
31756
41509
5933
9616
76253
77931
77901
76606
66399
53002
4480
50672
59062
31168
11786
47924
51910
53446
23201
72863
67490
47104
61414
66842
30794
62071
50432
8009
53912
21077
62693
54426
30272
57079
33545
31412
36932
43802
250
50002
16567
8184
41598
8145
17099
64269
57800
27776
22758
28714
3876
5724
71039
83220
84960
73831
17802
7358
56652
17712
6990
1185
60613
60385
6989
14281
80916
13231
11455
17685
68887
6813
25728
15668
21287
22229
82401
11071
8144
19877
23633
70807
15456
63704
68677
4449
79866
43457
51224
38002
12011
46591
84671
39199
32121
44222
85705
79232
67508
34192
32226
14442
43810
39225
54836
9113
76923
50658
28659
4548
59941
79887
71646
2604
78809
37151
68599
16601
52793
51218
26460
73608
34248
43714
47995
51322
2110
1048
7524
21827
16311
65234
39939
7488
63281
63198
35390
15529
26453
67121
58061
65439
56031
11887
18763
11673
4067
54699
33946
70659
85059
8868
19781
23983
54855
38026
13726
79885
12706
39774
42044
80036
85533
59045
19058
53886
65409
25328
17859
61499
26245
62039
65564
38016
21799
72388
84094
15690
52292
11217
52618
78462
60644
49697
60954
68560
50752
30734
17795
78731
11183
57079
77019
73869
14294
39083
68175
83618
68819
58026
24558
16663
3747
68810
74589
1054
32023
47572
81651
48317
72443
30031
61170
23919
60967
67870
53690
43813
75160
15588
69328
48990
14592
59678
77455
31270
66432
67571
48727
78507
56796
2054
47775
82994
72764
62374
24805
58818
21715
48902
58829
62227
60035
63040
29960
34752
74933
40046
73336
77910
3019
47984
67420
11987
31865
11419
84590
53325
25603
18663
27874
43681
22866
34697
16401
81980
85008
82188
64826
76543
30941
32450
44388
33559
52268
51084
7897
6098
23735
23562
55611
1171
31907
50975
55014
23343
28313
69704
62502
14188
36853
54338
47987
1139
44669
47390
40141
910
72239
8892
12771
27318
67960
7669
63650
66537
26948
80744
62131
40288
28440
31102
32653
77441
18500
58724
2774
61326
41272
8117
39125
49456
13386
56521
40473
26544
19241
3232
77757
40008
42599
54569
30162
63968
17761
43667
41384
36401
38261
15326
31363
33475
85214
84738
34333
52308
44922
71867
84857
515
48136
41168
33469
73420
46401
79560
79243
3019
86104
3407
25190
12851
21962
56779
70119
74282
20941
22320
45206
25843
76953
27651
83960
4591
37274
83835
41393
32109
31497
74750
4410
18446
54812
73726
48225
51576
412
42957
76056
42780
23918
49373
13225
72748
26462
24049
783
44388
40177
31761
17982
75872
53396
9506
58709
53534
52047
71617
40495
33259
640
59771
55740
82523
13515
24471
85661
22249
18335
74338
60595
12617
70355
52814
66713
13316
34341
68566
28368
82810
77186
59033
33673
72484
10319
50086
20750
40012
48669
25550
53879
27386
51709
25912
29843
72998
36401
17632
28723
36356
21499
62329
42955
27686
63384
47650
31529
30163
28702
55101
67394
59158
30762
53764
55196
21247
57066
23911
35900
79077
162
3698
14180
27896
7627
44399
26201
68488
80901
10458
25539
73193
71623
70823
40903
39966
34981
26408
47142
84687
31161
59022
24319
9831
30490
66230
54784
41915
68536
49402
81498
51297
77022
7407
40400
59644
82531
53602
24256
55069
68147
49748
3774
83339
65273
31708
29790
4821
78370
17975
11343
12288
76676
4348
54550
27440
25803
1169
14787
47870
42531
24672
17089
27319
46035
38202
71035
40782
27195
63269
46199
34006
47922
65165
55213
32014
53311
70874
58802
68471
63409
33180
22434
36014
64583
33630
79189
82066
77618
15625
63514
45721
7453
57064
397
34952
14942
63341
82301
21714
40694
38007
3729
4837
16956
28941
263
16327
83165
10956
8247
36613
85613
43925
46611
4776
38781
15317
17004
24914
85140
37801
42340
22542
50605
31700
15723
43526
26288
36721
14369
66448
50149
21708
67287
28680
80250
28502
23497
9767
24348
17773
78093
19708
19017
44638
76406
49607
84512
76703
75721
2061
30501
25342
43352
9241
22746
22393
72804
47418
70762
12815
6620
9108
45646
19668
19478
65505
72786
46506
45655
69717
69849
15320
79004
53269
82134
36792
422
43517
21106
55454
45575
19411
50293
16601
33109
72763
5875
66504
51569
71163
77340
46163
20905
15678
11042
25019
28744
81115
12798
16942
26049
40186
42333
23639
55850
47692
55637
13802
22399
86175
71826
85857
554
16350
74185
16150
15611
38059
9416
8986
74969
14015
69197
7872
63087
57246
38445
45647
52191
63908
52885
38095
67602
68130
12431
67254
33442
1413
24239
72897
6953
60871
60129
8237
9984
79928
11112
37639
31020
49433
71083
64423
16408
48688
46735
10206
54645
28675
41066
76761
3381
51871
64138
66635
34991
62076
17947
73337
8623
57012
20441
55302
46291
48443
21334
19255
65316
32407
40245
19851
64137
9170
23854
24232
41215
43645
32467
65027
49287
52663
31799
8634
83372
73800
84387
68709
61345
59623
59725
74074
37423
5502
47282
72699
4321
79616
3976
25575
83627
43673
31974
48289
70453
63086
83147
73936
32169
65835
44954
82409
26380
59114
34745
57183
1515
32080
42468
41399
31178
47492
14314
46015
61917
1729
24377
78105
72394
61768
35172
69656
37557
39197
8420
82092
21116
53968
37306
36831
24484
69661
85105
58950
1622
30797
42143
13098
24644
1946
18405
41892
47164
42119
78290
49229
27097
39964
47329
41246
6123
38946
43914
30225
21017
21627
75102
72454
79752
28125
32517
76488
8180
55567
56982
61777
42537
71727
62575
59097
4554
23008
11217
46650
8448
17099
23870
82283
28010
49148
14384
77968
56139
73580
45211
7747
59235
35355
40674
13258
51658
66167
45141
39423
80932
12457
64408
61888
72462
5473
59919
38740
37011
57386
25657
38065
44911
10051
7058
81822
60160
42661
54118
23981
63545
6852
33588
60988
44628
24130
13958
75528
72693
57710
14076
48292
81512
61327
70537
58568
53184
11493
48299
75767
55654
9707
71605
81411
25791
38596
65505
14503
18747
65469
80268
68987
34901
33812
48651
28491
4005
54254
70429
42436
78292
7049
80020
63244
31351
62757
47118
73597
81031
77261
83965
9342
65433
68824
34281
14561
42018
61523
38391
38217
16067
28165
66926
48024
63104
71851
46121
31439
43877
77285
20533
54934
73851
73405
9060
1001
16799
69266
60252
21857
36565
1343
7743
13444
54967
6521
23510
39933
38833
66632
76639
83210
4055
72143
46218
34259
73484
8126
9706
83036
7658
46209
33769
31165
69571
15405
72581
43523
45979
53351
41321
54543
53474
59788
74551
50731
84509
49675
82661
20899
45778
61659
26805
32672
49569
27162
23416
23694
72099
59587
84771
18711
19843
69152
57404
74398
30023
56196
24910
19794
47122
64628
50581
73438
62185
36603
37465
2018
62760
33896
14058
34384
6629
19804
53485
10503
32238
40845
83994
62437
36845
64665
48132
31936
16585
27524
62500
33573
817
80771
40048
84225
76445
43695
79323
74050
21562
8951
14029
65967
8315
13056
8136
83395
59073
83445
84556
32529
6711
79457
75602
217
74892
55662
6813
31311
34467
44563
56230
22311
42254
22777
86159
76001
56517
49168
5194
21013
22394
27247
25930
104
51415
66730
61885
73275
8672
80514
79074
34528
23103
32472
12327
14247
47298
67481
768
56981
84075
19630
2161
30979
51850
65331
84479
58598
20135
37042
83155
68049
67425
52631
73721
31763
64649
24990
78295
8915
28731
65772
13640
32489
22386
28803
55915
83469
63200
23734
52044
1385
3870
84282
4471
77979
3819
1579
65462
7683
80515
76583
34410
74982
5122
5271
81783
84616
44423
54452
52212
67245
1528
66796
4112
30587
26895
60154
26041
75664
85998
72745
28311
48304
58527
50475
23315
75196
37381
13533
39650
3187
45062
34311
66496
66191
42551
56981
31851
29882
10476
75543
44408
45001
58966
16019
47167
8616
74554
50365
10156
22503
40339
29297
19833
46778
3167
52014
78133
83264
62444
45544
13883
48888
61898
47294
85256
30915
35142
73971
84978
16145
73047
4705
38503
43401
6125
78541
74245
70098
11196
17274
68694
62839
22742
10821
36813
34132
49978
84486
82630
76338
1947
45837
80595
64895
15705
70132
11542
48088
15670
49534
47406
69374
72364
85867
25614
6162
5661
81844
69003
63197
47228
78553
41932
4611
21593
65665
5256
19098
81341
84724
45933
81052
74657
62867
54969
32277
59623
52563
46924
48910
7039
15899
10505
5401
36706
85147
21123
4009
4537
40861
28817
41163
26260
39510
64558
82374
29304
15285
75771
959
79790
25834
45077
66473
72548
73265
3595
67861
48927
28893
31689
71385
60858
65159
65066
69018
8465
24468
44369
7401
56215
5067
70079
64923
45023
59029
78777
46731
67271
12487
62878
10973
71196
49806
31109
32041
70419
72496
47191
85804
76481
5299
80960
23790
34039
46182
80095
56209
6988
50237
53182
41954
79543
78076
5798
78858
17735
5276
23719
43861
65527
14144
14793
79443
59592
29459
46430
1077
39336
81931
67614
52721
77045
11996
84677
46741
78189
31844
27210
4306
387
5970
85232
77603
19008
5604
65124
5126
74816
72954
53626
60817
46808
80306
49862
3721
77049
43531
15296
27966
23543
57441
10681
35421
597
62678
17840
47840
8500
27786
55281
57917
73656
41277
56718
69693
16490
4306
26337
56344
35507
74541
34976
46770
24423
32942
49698
26215
52618
24335
13764
36653
78803
11487
67280
45522
21941
71737
67580
42785
1203
39733
44904
15928
39843
46535
8889
77323
73375
59404
71685
4031
35666
78963
74309
42097
29160
59367
15469
57854
58010
59300
38970
69610
49550
28307
23451
22917
33589
38562
63961
46849
29331
19446
12298
72552
29531
52968
84851
2050
80414
79987
40132
26309
11377
610
69995
61307
58216
38997
33820
45499
59749
25788
42982
4688
17302
23450
56407
19341
28440
11749
8452
28715
69660
46633
83032
15427
79308
69293
65664
54991
78215
75741
38990
9325
5991
21298
77595
22897
71713
6493
10612
72140
46274
46135
38020
40530
58165
20546
13733
46634
64970
66743
76792
35239
32434
21556
62202
999
41156
58602
13627
46482
82814
64043
27470
30523
9695
67101
40631
38905
35170
78438
75917
67082
7200
75751
58107
66151
66964
46550
70141
20648
82921
57175
64058
64066
48227
7777
77533
10307
85016
51442
26645
60929
18496
32184
84651
58641
75099
48257
85839
32109
15471
26895
82517
22271
29027
26489
72582
19256
44553
14266
29185
37772
22349
78165
13383
47395
19968
69880
36729
71587
3870
71751
9638
33149
78608
8814
80848
10256
20728
76810
12008
69554
51256
71551
62384
32957
60034
55641
52748
70053
82774
27007
74762
57346
51970
66114
48764
82957
66566
11838
33896
61397
39774
39869
15266
40864
78924
76485
41468
64611
20887
32762
74138
3000
4680
46564
13455
21787
72063
16239
39929
38438
28342
64099
10485
21819
5008
31694
47811
70591
46456
73084
77437
6767
68545
69169
66636
76431
12284
46705
14722
61355
66934
48354
11802
70996
46910
2517
35887
74914
53087
33911
39316
19969
2696
55613
41603
53467
2911
37748
65677
37436
83596
76029
72759
58823
24158
1172
51667
70858
27137
70927
75932
45896
24761
82379
59739
58629
30074
24599
908
48764
62517
61600
37221
43292
75761
30887
34823
54716
8872
45311
24241
47283
48043
67146
28973
56080
4955
20724
65097
3627
30163
52132
68429
30668
61245
39355
57850
60066
53680
43498
23725
17730
14206
46081
18522
44309
72614
8220
37862
17004
51053
77880
15707
13497
82246
71128
66970
59624
16039
52166
44677
6753
2122
43327
65234
66902
69631
42805
1001
16177
15200
78173
4443
74435
85091
51216
21035
47557
57311
85753
43060
20895
3451
57286
13151
71148
17635
76701
83320
10136
17305
42404
17273
71692
7020
83193
4389
83134
40036
63650
43253
10087
65407
83971
44230
59975
55253
39143
66286
40338
7356
80051
76452
28665
69679
60971
4525
85338
26181
65005
83348
57539
16013
1722
35351
29888
33854
2708
62239
4239
61072
66558
64677
78988
37171
31417
50600
81534
27789
10849
49626
18930
8224
48705
16978
27333
71886
25477
24074
82540
65867
76211
50483
59622
75128
46629
71421
62872
54649
67058
7800
44252
37857
58764
69167
34554
72727
50869
5232
38754
23087
67889
64112
54385
51305
39877
50501
41461
45982
29452
74685
34799
65705
60356
76214
71576
62751
82749
53044
69020
25851
8491
27402
46996
74728
28119
16457
14756
59089
35813
85448
15106
35269
75075
36934
48896
58917
46763
1826
7491
55218
15370
41279
68687
51514
8909
66652
76173
14817
21085
12854
32206
25329
22976
77216
77397
3674
13929
8967
75931
83110
36252
8150
4218
19836
65853
8020
16911
55407
38954
47712
33833
36046
28485
39707
56906
78953
80730
61104
85440
15983
9609
49457
71951
59184
19458
78831
22405
29979
63707
16748
17348
67614
30557
1766
83753
85644
63186
45234
79559
53899
8954
13302
52082
46594
17407
13971
85215
17398
84840
42191
65754
11653
83857
22045
74231
12347
59146
9647
81259
19752
21020
58397
28061
27055
74744
66804
31627
28208
8641
67688
73133
11035
63554
84270
45727
46294
72295
40313
51972
16312
6802
6835
44344
59469
24010
9655
19609
56747
23722
51711
59619
5196
20895
3472
9369
58249
74028
47570
84040
38323
49371
65033
74747
84560
82629
63952
28879
84675
75616
1034
32145
52858
69731
60
28703
69284
32551
49173
54721
22159
17512
78374
46065
73016
65321
27565
18128
14682
82675
24912
12930
34128
13315
54481
85876
41405
84379
71694
53358
29442
57729
58764
57913
2260
61855
45190
76202
84635
53317
21167
37279
63148
66412
53478
35003
2832
24454
46036
68846
5198
37452
46005
12247
82445
12972
53617
29853
5647
76382
14186
83113
58680
7595
84114
8115
32755
68652
4257
49773
74614
84260
81657
80882
20100
34047
52254
58345
84557
24732
985
33628
4642
56968
48221
82775
68501
21399
65964
60125
58600
13624
10560
69526
20414
31910
61956
74340
62254
9685
52677
6924
82341
61831
70839
18167
70851
69787
86041
85743
25856
21941
20442
77175
43011
76646
45453
64910
63312
66017
14098
65205
73104
22427
41748
81367
75025
81352
64661
16936
10612
20121
79236
46087
48566
30770
67760
8133
75430
59633
15682
45089
58885
701
47607
3522
44380
63362
79316
23349
70412
80145
43450
58221
10517
35438
29620
32621
38900
12860
75257
66359
23371
5005
57722
12408
45321
73627
85464
4386
7017
17060
11627
21398
42421
45445
50469
6656
53041
82266
39349
1610
58025
85274
85313
41482
82530
21469
55604
29585
35553
70153
2835
39595
75774
82891
32259
6
49688
74597
36842
60132
58151
69561
56792
39249
27811
82513
41956
10195
42674
23829
80739
20592
57379
2642
12823
76947
62097
65449
32984
36497
61163
51252
84860
19337
62992
7315
75174
67863
43594
42817
14418
34539
66548
41112
55670
27384
27797
951
67219
53088
2598
2720
645
63621
44486
73416
60316
72596
42262
4366
71366
1510
47466
53394
62292
59421
75920
22123
59852
8912
12808
16337
42998
56361
84020
1527
70035
55729
59735
38103
42585
2685
73769
30474
67990
40997
38940
72167
71023
62249
14233
26110
41923
34798
65971
23771
39341
26418
69770
56116
61135
33790
673
16615
8119
35200
81583
29922
65269
86073
37377
70306
24036
46223
4048
70875
54744
48140
76122
41899
277
16469
85476
59463
35473
63805
58926
52000
25749
65129
78503
71067
65435
75680
9318
11430
85264
28299
28521
84883
77274
20177
13282
43593
43406
50770
51274
30394
68928
63872
11325
69455
38857
35394
28523
61549
34838
81086
82403
78945
80440
65610
50131
29097
39976
80534
39849
2931
65828
84525
79221
68653
24160
60179
62909
65282
74390
37694
57758
3506
45068
33165
78443
7756
72513
54908
46950
31690
23244
10183
62684
77795
25579
79251
73259
73741
11876
60183
61386
36780
16321
37723
23736
42905
21463
9185
1371
26919
42969
18061
12013
75657
11920
20435
2049
29095
53582
79999
31398
32374
82422
61960
11869
33777
57181
37830
7654
56491
72554
2068
70952
69174
71777
78994
17157
63969
29380
85548
33714
67915
50138
38298
61386
76449
8674
36710
28877
14857
52533
71946
50279
27370
62794
631
71995
21745
52205
17220
34093
8887
72279
53835
25988
1907
45203
16936
23277
61725
33655
36439
44422
15488
26117
44424
37463
49753
45548
41207
53979
55563
71768
10206
65413
48050
5233
26140
27508
38221
59979
30002
20187
75327
57173
8592
12208
3438
32214
62055
61659
26815
33379
61218
71320
62294
80699
31524
26589
53102
83280
46896
66818
47048
33613
43771
61496
69734
65550
4709
84259
12788
40851
73499
59607
38862
64055
71068
69252
66929
17028
73531
3779
41428
26239
23217
15704
68538
54487
43918
13561
65195
14014
83577
29510
52767
43046
41316
33233
12756
27935
53452
64064
53806
79652
71454
82116
37752
76241
45163
31569
60682
13043
40276
32739
46676
37175
55197
14059
48247
51897
81025
79093
12155
2224
86073
10861
59342
64118
72930
49108
85356
17877
40674
19772
72101
34476
75796
14434
75893
39081
37168
82014
57184
30677
15055
14016
49350
36253
12516
56435
73337
64437
1625
34581
40308
6990
55008
63112
3913
27124
4333
68727
77993
83760
18876
42770
3241
85747
8949
55136
64343
66117
70087
79840
74263
68675
80784
26614
7582
19630
28770
60253
39960
35738
35780
54883
11359
14282
52318
20565
42421
46750
19512
31841
10065
22578
80455
55740
83044
51424
39392
13714
35808
6292
72452
56312
34862
51357
51801
17058
66026
10570
47857
20556
68710
3165
70670
76642
59775
40466
22852
60957
84515
60854
13153
78168
18993
79206
39600
66152
3751
38619
20292
53266
72702
27967
14765
76136
8851
28839
69565
65989
2392
30909
65717
42599
66188
20550
66277
431
981
71143
55443
78572
26557
53161
44725
51394
80292
65183
70073
37277
53345
24458
25495
94
53928
36616
41755
22767
75783
66543
71556
32960
34056
63295
1078
48917
54514
80182
37513
31593
34404
19036
22259
36322
10147
60871
35703
45918
75470
63906
80005
82742
2968
46769
59834
62846
23764
18594
29283
34289
9772
22519
2876
78471
51329
39192
56061
12228
16172
67848
70928
30345
41446
49291
18601
10690
32548
33597
27185
39099
80787
76597
50964
75476
80829
30650
22139
59288
68576
51989
37870
85804
61653
76361
59573
53734
20573
52013
28912
67325
3273
4970
60413
59048
51372
76369
65410
77544
21708
56600
52844
16241
83313
67771
6445
60049
78487
84068
55544
15063
12347
18158
39618
6815
29139
20979
18640
76270
11973
18544
4225
13651
889
31045
31634
24544
6251
65137
9503
763
59342
22567
76208
76440
77363
73516
30147
6999
45630
48380
75677
42435
3001
47170
17117
23207
4754
24446
26774
55333
50691
48688
67455
72894
43135
24576
78393
79661
38994
17492
48252
22345
14240
64913
70608
72248
59642
66072
62727
45835
48599
50762
57091
55654
50525
36674
26730
83009
7122
1945
10857
60103
68809
84905
51254
79622
81393
57189
50491
9017
31303
70615
5569
82671
46065
15725
13645
60732
44292
69256
85816
51181
9020
48770
48112
28528
31346
27892
81007
62184
51345
85125
32087
581
10232
21097
55360
40161
16256
16036
74571
75319
40559
75412
49771
75609
77041
50360
83168
73533
14563
19497
17934
49944
74976
16363
76334
17916
30886
26868
65844
82568
42098
74871
23758
33161
23152
7253
55430
56671
26545
38383
81029
787
55565
85947
82671
23030
379
22319
3252
16359
57781
76647
82130
61916
39220
37741
50845
78538
75056
18146
2169
23633
52226
76315
69947
38906
47691
67443
82314
42161
12005
3047
79213
72853
44867
31738
82865
20978
54019
34391
55965
44311
67485
4564
40257
33668
9007
77297
85519
11067
19968
85696
55307
54948
11693
53792
32917
42445
25341
40855
61588
19309
21920
45197
29394
16614
8189
52648
53911
64545
56197
66730
17117
30077
47611
54321
50900
19059
26542
21072
6542
68
62831
66755
56199
85569
45989
63512
687
6378
4571
69985
50386
84500
37477
4806
55260
16839
1046
33983
199
49995
80102
63800
25445
72056
42912
66613
23515
78910
36316
85391
82789
29917
15369
33416
55664
15510
25479
76615
70582
10399
80604
46087
26063
32464
33625
60706
24117
39477
53529
15069
32329
79445
2980
36138
50646
33269
41228
26789
25851
51075
16823
36205
69692
16514
14470
60000
22215
36712
56965
65117
48619
49222
19469
43821
4813
65762
32340
40339
17448
78874
31712
75769
13394
51211
48
31664
27108
69492
73880
74773
6447
15621
17382
83552
31645
2991
11706
20006
40252
13012
85196
61663
46456
34949
49536
49874
28372
31289
47008
42180
10677
32123
58805
63312
30365
51967
22476
42096
4919
67892
41557
21457
63950
81551
22403
48907
34849
44241
28073
70414
33755
66303
195
46412
49750
80186
53487
56338
18059
2605
79262
32479
54771
21426
13756
82112
86013
55173
14891
63170
49248
73569
7856
40580
61277
41401
17567
43957
20978
18765
54249
63783
86070
53026
51281
14434
11581
84795
57641
40948
71275
2742
40430
58756
45701
59018
65067
61398
72875
57561
4909
26105
18132
12553
16476
19009
27741
46541
24814
46765
22858
48302
67974
15583
28665
48586
85559
64587
27831
33007
84445
78004
81150
31541
85492
25476
11521
75295
32005
16328
44793
72866
66293
30803
37798
3108
72837
53187
45977
10023
19691
27432
69459
25160
3547
28172
79351
14396
84283
59485
75299
68365
32080
84212
34891
79973
82478
31098
84817
76701
83469
9205
68798
85967
51332
21637
27970
19692
19309
73696
52808
40475
25353
10150
12445
52638
19637
79291
40248
25672
60909
74345
29499
81483
72241
66800
38495
11332
59484
38163
31295
5052
34445
72444
15930
5472
59352
17613
76167
59034
36995
80028
54997
78494
57989
68017
13453
70140
12980
44771
328
53729
41562
61398
29175
83860
696
74199
16931
85094
26617
75880
80514
59693
59878
29618
67167
13695
42674
24166
59846
76327
60018
45747
19282
27182
723
3821
72063
41058
82614
51675
74857
29013
53411
5811
7202
72465
72612
15294
7863
84881
68529
9354
80862
31746
1834
82010
59858
30385
13848
39214
58439
6294
11314
55051
56777
24785
79162
80977
35128
79873
62605
40381
28486
22414
34943
66099
37941
10144
32798
45759
24722
53156
40249
54596
45447
30055
14005
4508
5465
3079
22838
4170
62667
80065
13434
2901
49582
28726
61263
18827
79596
14668
77279
6170
22321
64708
15748
36073
2393
49631
8446
58717
29602
71568
26249
35082
13243
42460
68141
18996
7605
77258
4386
38722
77162
13295
48236
77889
6876
11657
84182
79131
65456
85328
22976
52434
49026
68072
11653
59018
65389
31561
59927
68013
30669
58299
8578
10327
29766
2809
1988
35174
40790
12396
5319
11435
43192
25712
26059
46232
75079
611
3142
60696
56010
82963
26729
76869
63470
52176
65921
46034
56926
58199
70181
74832
47849
61820
27859
75973
34439
73727
72323
63907
15515
51816
62906
25344
30698
8747
32565
8591
37325
5222
9885
33634
74567
31945
16202
18602
8634
32241
35847
41865
78725
45767
79688
11060
44580
53673
62134
16467
7456
12283
17225
4452
41220
60949
15768
69996
28708
52003
71779
40549
23392
18116
6214
49833
71160
14636
23515
1590
38874
53247
1609
65999
17006
58167
59402
493
17122
46527
10405
14788
58789
24632
56029
75667
26252
1369
51238
27860
8745
64314
12823
31838
7995
43194
29811
63431
76179
27664
31038
7946
3706
81764
1900
21420
20618
23998
11705
67988
74340
74867
31934
56800
34240
79834
27404
74799
75390
9919
41657
67646
38137
36414
4715
7777
21577
748
2789
59854
17676
4869
72552
28257
6230
23677
31416
30514
55884
85487
15143
78194
70234
56038
21716
36427
62001
52046
35557
69975
36721
56177
2293
63109
56933
17729
464
59752
3633
61143
33214
32805
72287
78344
81533
72482
53897
82940
13755
14903
54585
79450
59265
75458
25137
85030
5943
69794
79841
67448
81904
37304
7468
73043
26773
9525
21663
2781
55770
54028
9907
9927
15264
73597
47017
20043
68269
7863
6917
81391
11029
18463
78737
24821
5726
30776
30001
15062
65107
31096
85168
2687
20858
57517
15916
11293
67207
29350
9236
75624
56898
46940
23741
34718
40379
30838
65271
57434
79845
41994
27711
44551
11530
22186
80288
13913
77123
865
44723
13862
65089
74139
10151
21274
78695
11756
18642
51983
79253
51461
59247
22368
20991
71248
85105
48832
67339
16539
8391
61129
41945
16868
50118
57218
32487
60598
78597
24267
11040
56127
27103
13599
56266
8513
34447
61955
56191
55846
69426
49981
14184
32188
45327
52872
1597
35913
21666
66497
17634
32801
10392
44390
30269
6333
72682
47164
58276
61850
71915
7522
59089
72101
80369
15563
51687
32431
875
3797
38242
17475
70861
1027
28234
33952
42708
69552
22828
64274
42161
57953
20789
37098
85435
79260
55475
49538
65872
59901
33202
68856
64
55044
56327
78688
33115
34508
12860
27865
56250
17855
67691
64046
16865
42216
22069
62665
55771
11640
80541
19682
23535
27351
1379
83909
3890
61273
45812
18801
49391
81504
60396
13879
57726
45879
29244
7206
50415
23264
62516
78053
46358
68836
85343
30205
61689
28299
83150
38943
68942
66329
841
67819
76249
18772
72172
48203
26702
1616
50360
18407
1543
11105
65254
81484
21409
55433
27474
26091
32405
42745
53851
22446
14584
78073
50501
62993
47442
34707
80876
70992
12661
70122
67075
5422
6345
82419
59342
22225
12559
29642
7758
23873
80519
63383
23291
23158
52637
45298
35173
71314
40436
12973
80583
3881
82078
70740
52082
82163
39075
20700
41826
51582
14563
22816
54820
75057
22555
81133
5035
11959
70885
3721
57558
69328
46054
59372
55758
60259
40612
81468
76776
65977
40445
44317
19371
69084
16856
11896
47358
19692
5982
26721
21500
79071
25858
52406
1994
69861
2352
71258
67692
63114
4534
64051
59656
83931
85164
52578
68949
32073
2496
59388
86057
78681
35794
37818
85400
64982
35883
1714
49927
47553
78112
71232
24070
61922
10096
16012
62898
71968
29936
57504
12664
73952
84145
72818
6426
23382
82436
44188
4102
15643
75515
30634
73418
7224
15684
1461
56292
48920
46264
52533
60696
57076
31311
22711
20030
14923
35078
78813
65113
19898
64475
80281
42811
57511
69125
82232
68593
36636
66107
62476
62036
23877
73688
85530
26128
6054
9710
23987
46278
8282
40365
78385
68427
59150
73394
42488
74700
12589
79157
44300
27902
55012
22000
29993
75191
58996
5137
25473
76768
53537
8863
77482
49995
78732
15572
57307
6813
37659
25390
58976
12028
46195
20173
75830
58488
1898
70782
3627
12731
74696
80921
17659
61440
15501
83213
39627
30512
6139
122
12416
54084
53713
77113
14740
66465
61874
76768
12906
66985
84115
22405
59118
45145
25802
3739
21228
60077
36158
81713
52979
67972
56314
71983
9105
35059
25920
15258
25921
33698
7484
40024
7181
17565
31641
51762
50199
60870
41564
2477
30607
68182
16856
52798
58103
37457
47454
67812
49767
50166
74614
76673
57914
57828
5845
20355
44733
86056
53436
20714
20389
15399
68000
11000
59867
45160
22009
27642
15334
46350
77403
66952
29592
41953
26113
43153
11843
34502
60198
54938
36152
43877
950
13419
69144
25928
52657
11125
23744
26385
55844
8861
1788
80501
36756
46525
48693
43301
17860
12527
46587
62240
28164
20396
62351
16820
42570
16019
6067
7281
9066
32373
55979
60843
63806
36524
16783
30737
58300
24648
65118
17505
672
47159
73409
1500
78348
37455
27881
75861
9197
25517
4368
60961
999
49115
72326
33131
83561
7850
72699
58167
10174
60835
9319
27651
53198
10883
60515
20705
26165
73790
78650
40794
50807
38070
9571
43365
57493
77000
22038
69645
4087
45339
34868
71953
74705
27642
49499
9054
80829
30462
22260
37052
57079
34358
65039
9749
20599
78303
64138
74179
69459
62717
1514
11743
43179
55544
82353
15233
73415
34504
44904
24143
10369
20717
85727
7888
67311
51683
32166
53675
54294
55020
51239
62007
23182
59027
71202
56076
28696
6841
41926
69129
27329
60616
4103
79586
31000
22257
30731
18862
84794
10488
9773
36624
13440
77252
70022
82415
37369
8357
80471
74663
38153
84656
70530
80560
47156
25722
55770
17644
13643
70674
44243
60491
34014
81439
40232
12216
67221
50173
74628
8263
2766
9118
42859
70893
63735
48423
12429
18470
32816
13633
68151
3175
3952
21203
71063
20822
1761
46619
2547
339
47650
49064
39944
51576
7637
36982
65473
30595
40927
17625
7523
22120
12575
24374
12054
51815
55174
49325
17346
8791
62532
26266
5707
57331
80552
52349
27496
10881
44340
43908
70997
2551
13042
58477
38674
76419
28271
24991
53893
43432
38595
34501
39668
3831
49359
50427
28338
19597
14507
22260
56698
33244
51527
83751
80619
63404
68817
30359
58236
26910
28713
76917
84350
9242
62261
80969
74978
18546
30687
54387
6740
31927
24061
28637
36277
8302
78491
84013
57970
83768
40129
28488
26866
71763
588
4881
30780
2996
17191
5848
62289
43390
76241
71425
81430
52917
25369
30478
60305
53121
83419
45901
82264
73306
31901
24849
72058
9558
14639
66935
4569
70927
20849
59755
4250
59759
8274
656
61771
2801
36321
66470
12788
53885
43169
17668
44332
13764
81964
74628
51496
43478
42685
78368
41704
85676
35006
18355
52834
64514
71949
30185
17001
5069
51331
36302
40234
36784
14720
4286
42756
37841
3401
64976
19374
10418
9952
30079
31605
4247
53516
1842
9779
64374
15272
43009
52877
77117
68843
49864
73724
41835
24517
9537
27346
74813
65835
63511
36979
71368
765
76712
15488
12767
38127
66450
35501
84511
66362
70484
58273
69923
79257
30098
7950
51592
39128
33389
44948
82280
66740
79896
12372
48774
27340
5139
66627
73975
37560
85712
31969
10466
53843
41933
51472
42313
10523
38496
42564
57134
24140
22690
55766
22000
65077
23749
68494
71007
77259
60997
52280
67382
32619
76365
19055
37835
51288
7007
3477
45799
5306
72422
32937
20325
45376
53035
57850
47046
43379
60917
73147
19245
43841
15263
53844
61355
49543
33572
78783
52766
27867
57546
15219
76474
63994
31803
32876
61275
64640
52148
3933
38732
55411
65964
77779
16444
20974
68759
50698
49234
21675
40097
68400
5609
21117
8239
42960
33799
64810
30642
25159
65874
1861
110
82403
12249
76390
19213
73398
76883
60171
50162
22186
4393
80568
73423
38408
83131
23998
40152
5295
75460
3822
26470
58641
17682
37595
72771
10222
12120
33608
54211
7596
64664
60993
19908
72823
37885
79657
36224
42098
19908
78571
57456
74622
365
40640
6327
29435
32372
50150
79786
22237
50784
63850
72448
29203
60738
13282
74309
44876
34343
71538
40152
22182
40654
8034
10803
436
20113
51199
74894
71318
24746
32413
29096
28369
43321
62921
16245
33361
33750
48713
65452
22120
32720
46627
8545
19565
82815
5471
3379
82723
4936
59072
9866
71931
13529
66842
11918
73082
24503
40371
38318
424
3168
4278
40632
35608
28965
66137
31109
60036
67405
79710
33211
54277
8473
19353
38409
35020
41738
34878
21544
80930
13964
60544
32032
83478
36711
61484
65449
70675
75127
26900
85548
8728
82613
30980
8632
56060
34355
3665
77286
46946
70892
84540
24699
69445
68685
14189
66553
22555
51426
6895
16506
16779
24057
65112
81775
59040
32804
7225
24797
50362
57295
28555
78602
9225
72893
72247
75346
11654
5038
68905
6384
50752
84394
64905
81661
59944
30162
85556
3208
35811
77543
23095
19232
25210
14075
68827
23777
50244
8790
14856
71012
41431
33703
21579
3856
42343
68090
74485
48484
73382
11555
30671
5496
66290
53327
41913
530
71755
2463
38468
61203
42718
68054
29475
34923
59534
33620
60082
75016
4680
73384
23962
22210
12708
39247
40055
75253
65150
29643
5206
4142
75927
53806
29533
58162
33195
4414
55975
84
20686
4022
25682
62300
21308
52326
80280
3153
17863
56258
28735
62046
80491
74813
3935
32406
5091
65433
17208
41943
19221
85890
32816
77502
75579
63191
33736
18841
58561
56079
66885
34610
59862
82377
55491
81576
84266
51439
47174
79916
26119
61758
30940
67390
54972
9480
47643
21786
10965
20853
22818
78845
13099
63041
85145
44056
46780
47247
49350
37841
59612
36324
11367
16096
58041
62544
40768
43064
63773
61896
21616
322
26073
63487
51202
48291
20812
44200
25145
38626
41804
23792
14489
18486
13901
54096
52181
42231
84222
71568
25046
47044
1058
76123
57543
10509
56575
78833
84301
32371
8622
82620
3331
38506
46329
36154
74601
86114
26921
61343
3382
39459
84092
3276
36828
69603
59530
23971
2940
68688
58464
1802
50558
64789
27920
33551
8271
6716
26721
67352
85409
33920
37808
75786
42641
43275
45228
19421
54366
16843
81169
36245
19824
11010
51651
67170
41735
54621
41987
2677
56267
77913
25233
24061
50869
40923
84385
32778
64547
28604
28003
63764
60501
20632
72637
40758
13966
57833
10905
32779
13252
60895
29490
74712
83198
25150
71201
82704
46150
20597
14645
73116
33166
64387
61509
31952
15080
72230
55541
85328
56419
22544
22680
55670
3044
43427
43488
10806
14111
29340
52413
40792
6027
45887
10133
44389
47732
35386
8281
2445
56409
84432
25088
62423
85174
369
36140
47880
69758
63434
37928
85442
74552
75836
44910
39404
47807
20462
75855
83188
75812
37890
44356
5417
17235
24862
42334
57125
66509
85535
34482
38788
6940
28552
72725
72889
3284
49046
63400
86165
78510
40990
9827
20037
62991
6680
73530
33943
78398
20502
74137
39785
35968
71229
51557
26467
74397
31498
47569
61877
26116
64048
63396
65591
57334
15204
29481
77089
40856
23335
48203
43870
47265
51885
21494
188
3637
72648
47401
55605
64561
69224
68670
38628
31674
70230
1440
65500
22207
61143
44898
8236
57771
40710
20607
67061
41571
53050
19500
85979
36658
45638
56341
30541
6240
49183
83882
19673
70165
4585
84450
79838
54600
20059
68767
28988
5197
62542
81289
61272
63732
61977
32767
62006
66278
31388
54589
35558
71734
53146
27679
30271
59713
77368
83137
12138
75814
68051
84172
42561
24403
14662
1940
64867
47818
82374
25261
6412
2381
41884
44957
53452
84791
19892
11306
52089
10163
50504
71386
25129
15561
46400
52943
2542
17419
16593
10981
36179
39530
3057
45087
19934
54135
69779
883
77519
36960
16006
8138
62923
42368
51884
12077
28850
58431
47066
41050
78980
65570
46150
71757
76952
2956
30775
57578
10986
34137
30354
47966
64859
10455
55447
54209
47787
59436
15187
27152
55235
85998
14696
64765
76398
75272
45763
52485
5935
8252
3930
52622
48940
24793
45583
61872
13158
44311
24192
1904
69222
61380
27462
22417
65865
34883
19704
66160
16070
48838
23771
58116
77507
52533
60814
7675
8735
17934
27778
50624
83511
47043
14636
46485
15077
17713
82254
4414
47670
7673
54838
27034
63377
50504
64182
67472
19841
26295
70235
17225
8117
52598
27564
55988
74372
44104
2793
42427
37392
81
15911
45518
83581
54885
53460
65814
77951
30504
5434
53755
14261
41909
36135
54010
23692
68063
54742
35747
80032
85373
66870
66501
81959
79971
4744
21844
36772
61763
71866
68134
52695
70794
78704
27612
44764
59557
79992
55808
77073
28314
51172
27617
73964
54880
7432
28877
50164
10626
40117
50254
27865
34014
82397
56541
77239
65934
68770
84666
580
9240
53489
4139
65761
30958
71900
52938
76696
81501
15452
25306
4652
74605
15095
78186
27251
69935
83497
15885
15291
69819
59173
22846
53761
11016
80776
46817
67773
34628
60585
82987
80380
42425
51792
14391
17853
27447
52904
8506
77986
66142
69405
4997
23642
41308
552
19212
51396
36577
76729
28693
71834
75082
47536
69430
33504
80793
52287
74476
37998
71759
27826
12555
38684
58075
58079
36345
4447
71796
22662
30959
77903
11435
62085
17179
2211
76929
63634
42322
65390
63668
23651
81807
15910
51895
33267
79317
59509
22839
48880
6509
36388
2594
42615
75500
55987
31197
28614
68397
44429
58934
76704
49348
10817
35357
6063
40560
56742
52210
51499
34850
11638
65650
17022
76056
85862
49984
48114
34289
77463
11329
33361
118
19571
41123
69868
78088
45390
11631
54791
7097
82874
47228
37031
35324
51027
5089
10172
15529
86125
2883
54434
3100
56076
79681
25854
2359
355
43080
10974
17917
18974
44503
44209
38820
19261
15121
72409
53473
61105
18061
36886
38606
24013
72489
67949
54092
1612
52173
53214
35560
45812
56389
59663
6813
57265
3553
35151
59825
6273
38352
36443
16927
22311
47629
85686
36713
85410
69105
82117
11017
31121
23882
2065
50778
83267
30776
8526
27505
43439
4387
8430
43160
8063
67443
54565
37268
72395
86021
4373
18083
71898
47988
35934
45633
28335
44422
68871
44268
81243
78849
11321
75838
56779
66032
3199
28742
74920
79335
46323
46256
56746
3638
58550
51313
84765
8298
29032
35101
7238
12558
56876
51759
8928
21646
72025
62221
62542
13830
60955
85851
75374
52733
83101
56844
57117
9589
75073
80733
37060
57495
32594
77257
3460
14280
27218
65556
81305
45111
12425
