125	0
473	0
195	0
463	0
595	0
964	0
514	0
251	0
593	0
647	0
366	0
782	0
688	0
172	0
717	0
796	0
851	0
538	0
355	0
639	0
401	0
441	0
543	0
468	0
811	0
169	0
689	0
847	0
336	0
968	0
533	0
707	0
196	0
327	0
881	0
859	0
613	0
126	0
722	0
698	0
871	0
146	0
512	0
193	0
711	0
720	0
119	0
791	0
119	0
209	0
202	0
179	0
889	0
102	0
522	0
261	0
440	0
649	0
994	0
974	0
158	0
132	0
990	0
792	0
531	0
187	0
808	0
972	0
916	0
377	0
557	0
558	0
653	0
407	0
989	0
233	0
832	0
270	0
389	0
597	0
652	0
484	0
454	0
766	0
630	0
320	0
768	0
363	0
577	0
126	0
370	0
957	0
102	0
732	0
315	0
911	0
273	0
365	0
687	0
368	0
381	0
885	0
966	0
929	0
421	0
542	0
241	0
203	0
265	0
129	0
510	0
553	0
164	0
753	0
790	0
305	0
881	0
212	0
556	0
121	0
678	0
418	0
234	0
217	0
333	0
846	0
567	0
960	0
990	0
615	0
994	0
190	0
179	0
175	0
794	0
668	0
959	0
558	0
112	0
760	0
305	0
718	0
830	0
263	0
362	0
698	0
113	0
253	0
316	0
273	0
444	0
473	0
168	0
223	0
705	0
214	0
368	0
308	0
499	0
206	0
690	0
301	0
406	0
767	0
130	0
837	0
485	0
372	0
904	0
532	0
896	0
203	0
122	0
824	0
775	0
475	0
815	0
456	0
205	0
258	0
839	0
839	0
983	0
148	0
899	0
542	0
741	0
339	0
147	0
753	0
621	0
157	0
829	0
725	0
553	0
405	0
849	0
189	0
468	0
618	0
627	0
634	0
728	0
115	0
854	0
200	0
112	0
238	0
761	0
450	0
609	0
886	0
835	0
383	0
539	0
870	0
289	0
343	0
127	0
637	0
762	0
644	0
297	0
657	0
753	0
288	0
460	0
370	0
920	0
156	0
364	0
243	0
331	0
689	0
547	0
562	0
709	0
302	0
625	0
487	0
448	0
322	0
925	0
443	0
633	0
117	0
884	0
544	0
346	0
931	0
709	0
639	0
243	0
908	0
419	0
177	0
166	0
539	0
142	0
887	0
176	0
920	0
381	0
266	0
894	0
311	0
196	0
870	0
970	0
505	0
534	0
168	0
324	0
191	0
851	0
339	0
901	0
627	0
483	0
771	0
697	0
469	0
186	0
504	0
295	0
895	0
576	0
827	0
256	0
785	0
948	0
915	0
274	0
458	0
158	0
628	0
211	0
574	0
535	0
682	0
144	0
517	0
465	0
571	0
817	0
183	0
699	0
799	0
542	0
595	0
827	0
946	0
845	0
940	0
139	0
479	0
784	0
588	0
640	0
545	0
682	0
578	0
349	0
542	0
853	0
823	0
882	0
616	0
600	0
335	0
683	0
383	0
832	0
405	0
270	0
788	0
777	0
990	0
284	0
325	0
598	0
551	0
538	0
972	0
348	0
877	0
172	0
750	0
710	0
100	0
576	0
115	0
243	0
821	0
807	0
520	0
757	0
562	0
177	0
334	0
572	0
390	0
213	0
966	0
184	0
758	0
577	0
815	0
500	0
613	0
721	0
529	0
721	0
423	0
785	0
642	0
757	0
493	0
858	0
924	0
509	0
692	0
380	0
519	0
206	0
314	0
151	0
243	0
501	0
504	0
593	0
693	0
434	0
916	0
796	0
377	0
692	0
545	0
397	0
884	0
610	0
395	0
602	0
533	0
829	0
793	0
778	0
231	0
142	0
650	0
543	0
723	0
893	0
369	0
387	0
253	0
255	0
701	0
337	0
347	0
919	0
219	0
488	0
497	0
931	0
712	0
462	0
897	0
344	0
384	0
604	0
927	0
709	0
618	0
908	0
107	0
251	0
745	0
953	0
533	0
676	0
303	0
891	0
106	0
776	0
480	0
183	0
396	0
971	0
476	0
305	0
734	0
863	0
284	0
740	0
113	0
507	0
517	0
838	0
347	0
735	0
351	0
549	0
259	0
164	0
615	0
133	0
875	0
508	0
760	0
628	0
995	0
379	0
217	0
734	0
210	0
572	0
343	0
891	0
361	0
375	0
970	0
854	0
750	0
382	0
392	0
474	0
472	0
190	0
335	0
137	0
365	0
963	0
716	0
137	0
923	0
203	0
357	0
577	0
781	0
568	0
272	0
233	0
552	0
108	0
311	0
651	0
124	0
325	0
748	0
582	0
492	0
877	0
849	0
488	0
740	0
933	0
306	0
870	0
695	0
616	0
425	0
611	0
263	0
295	0
466	0
883	0
783	0
951	0
417	0
148	0
866	0
793	0
956	0
682	0
486	0
523	0
269	0
319	0
874	0
533	0
714	0
295	0
375	0
563	0
715	0
108	0
147	0
426	0
544	0
827	0
264	0
562	0
587	0
522	0
192	0
133	0
883	0
984	0
868	0
242	0
937	0
632	0
109	0
373	0
718	0
682	0
469	0
545	0
753	0
860	0
816	0
475	0
816	0
882	0
440	0
740	0
240	0
855	0
659	0
252	0
398	0
639	0
961	0
330	0
498	0
572	0
865	0
270	0
697	0
943	0
692	0
254	0
869	0
595	0
296	0
906	0
223	0
962	0
869	0
867	0
648	0
783	0
915	0
126	0
342	0
795	0
732	0
619	0
495	0
388	0
583	0
749	0
924	0
175	0
730	0
526	0
111	0
257	0
823	0
670	0
945	0
768	0
784	0
521	0
585	0
397	0
906	0
869	0
196	0
891	0
494	0
547	0
647	0
373	0
441	0
162	0
289	0
216	0
601	0
306	0
629	0
174	0
499	0
561	0
963	0
642	0
913	0
266	0
593	0
305	0
717	0
546	0
335	0
788	0
547	0
834	0
818	0
337	0
614	0
831	0
137	0
716	0
145	0
173	0
747	0
716	0
671	0
459	0
616	0
465	0
722	0
171	0
972	0
539	0
575	0
107	0
743	0
687	0
937	0
850	0
545	0
841	0
763	0
124	0
875	0
560	0
930	0
697	0
581	0
506	0
256	0
276	0
135	0
806	0
770	0
210	0
376	0
100	0
430	0
329	0
600	0
286	0
609	0
540	0
327	0
140	0
201	0
428	0
725	0
338	0
420	0
102	0
927	0
843	0
940	0
400	0
494	0
341	0
321	0
375	0
591	0
563	0
913	0
316	0
217	0
279	0
643	0
542	0
570	0
650	0
824	0
603	0
643	0
946	0
267	0
185	0
457	0
789	0
697	0
837	0
736	0
122	0
431	0
236	0
566	0
443	0
428	0
548	0
321	0
573	0
876	0
123	0
113	0
375	0
183	0
184	0
472	0
390	0
900	0
716	0
449	0
662	0
692	0
143	0
829	0
290	0
633	0
980	0
321	0
148	0
474	0
462	0
242	0
972	0
869	0
797	0
652	0
511	0
936	0
137	0
524	0
730	0
851	0
524	0
683	0
163	0
841	0
886	0
645	0
257	0
402	0
275	0
777	0
165	0
853	0
103	0
396	0
996	0
687	0
154	0
513	0
262	0
907	0
300	0
160	0
417	0
123	0
201	0
444	0
464	0
176	0
456	0
249	0
557	0
583	0
222	0
177	0
928	0
260	0
390	0
511	0
693	0
218	0
941	0
692	0
456	0
296	0
390	0
106	0
605	0
253	0
312	0
739	0
548	0
340	0
239	0
885	0
840	0
219	0
804	0
949	0
922	0
674	0
704	0
254	0
372	0
980	0
147	0
883	0
180	0
547	0
442	0
204	0
472	0
312	0
291	0
124	0
200	0
871	0
440	0
873	0
235	0
283	0
844	0
122	0
250	0
439	0
491	0
813	0
323	0
590	0
320	0
245	0
433	0
191	0
746	0
206	0
400	0
369	0
138	0
787	0
393	0
806	0
319	0
654	0
263	0
218	0
330	0
256	0
781	0
320	0
975	0
417	0
311	0
311	0
308	0
892	0
327	0
809	0
151	0
470	0
430	0
400	0
992	0
466	0
170	0
801	0
117	0
574	0
797	0
888	0
581	0
908	0
262	0
106	0
823	0
423	0
389	0
374	0
728	0
608	0
690	0
549	0
207	0
762	0
806	0
144	0
928	0
388	0
625	0
121	0
770	0
882	0
224	0
381	0
450	0
168	0
825	0
806	0
168	0
897	0
341	0
339	0
250	0
793	0
758	0
836	0
839	0
959	0
531	0
648	0
915	0
601	0
145	0
847	0
765	0
174	0
826	0
365	0
658	0
489	0
729	0
306	0
837	0
984	0
148	0
886	0
283	0
495	0
620	0
794	0
702	0
972	0
712	0
684	0
119	0
974	0
796	0
643	0
874	0
193	0
621	0
335	0
576	0
478	0
143	0
107	0
717	0
784	0
123	0
385	0
759	0
292	0
874	0
825	0
332	0
292	0
534	0
950	0
880	0
641	0
223	0
353	0
286	0
730	0
860	0
786	0
776	0
412	0
476	0
309	0
703	0
577	0
218	0
894	0
646	0
975	0
872	0
122	0
203	0
677	0
304	0
822	0
382	0
467	0
902	0
120	0
242	0
340	0
733	0
936	0
813	0
551	0
710	0
256	0
847	0
284	0
408	0
561	0
226	0
292	0
424	0
466	0
209	0
849	0
229	0
253	0
681	0
865	0
276	0
769	0
879	0
545	0
461	0
803	0
830	0
523	0
718	0
843	0
741	0
186	0
210	0
426	0
397	0
280	0
617	0
206	0
294	0
912	0
586	0
367	0
479	0
453	0
141	0
689	0
699	0
420	0
338	0
684	0
206	0
948	0
510	0
155	0
440	0
465	0
897	0
349	0
735	0
538	0
114	0
911	0
858	0
486	0
114	0
716	0
510	0
595	0
695	0
516	0
731	0
186	0
902	0
711	0
668	0
670	0
914	0
347	0
910	0
500	0
561	0
136	0
582	0
328	0
821	0
618	0
644	0
306	0
970	0
768	0
559	0
190	0
729	0
914	0
880	0
508	0
645	0
513	0
615	0
692	0
379	0
567	0
172	0
104	0
609	0
136	0
905	0
586	0
808	0
272	0
205	0
983	0
574	0
211	0
270	0
583	0
798	0
211	0
419	0
345	0
451	0
999	0
867	0
891	0
171	0
438	0
443	0
425	0
780	0
818	0
551	0
509	0
853	0
868	0
187	0
571	0
372	0
656	0
577	0
775	0
738	0
816	0
593	0
426	0
730	0
383	0
614	0
914	0
661	0
847	0
975	0
561	0
513	0
298	0
667	0
640	0
426	0
851	0
262	0
985	0
948	0
491	0
912	0
500	0
868	0
178	0
966	0
374	0
281	0
238	0
856	0
751	0
980	0
961	0
833	0
257	0
363	0
714	0
143	0
526	0
472	0
589	0
985	0
755	0
749	0
511	0
349	0
165	0
250	0
318	0
576	0
224	0
923	0
330	0
205	0
815	0
387	0
850	0
517	0
606	0
394	0
461	0
130	0
485	0
180	0
651	0
416	0
186	0
676	0
253	0
865	0
154	0
667	0
378	0
748	0
103	0
762	0
836	0
877	0
562	0
716	0
688	0
402	0
323	0
155	0
827	0
426	0
548	0
517	0
468	0
937	0
526	0
530	0
533	0
809	0
734	0
904	0
302	0
661	0
586	0
460	0
867	0
487	0
364	0
528	0
877	0
534	0
164	0
984	0
766	0
249	0
412	0
235	0
550	0
490	0
869	0
499	0
636	0
311	0
978	0
852	0
360	0
599	0
779	0
378	0
991	0
686	0
585	0
480	0
820	0
692	0
318	0
242	0
648	0
482	0
644	0
215	0
324	0
421	0
829	0
655	0
299	0
480	0
602	0
453	0
819	0
681	0
298	0
832	0
442	0
300	0
271	0
741	0
814	0
388	0
163	0
622	0
160	0
251	0
380	0
320	0
595	0
564	0
281	0
504	0
439	0
701	0
422	0
543	0
882	0
779	0
512	0
383	0
626	0
288	0
316	0
745	0
291	0
774	0
792	0
384	0
892	0
133	0
232	0
842	0
270	0
451	0
676	0
650	0
612	0
312	0
434	0
712	0
413	0
580	0
434	0
283	0
639	0
578	0
780	0
800	0
590	0
837	0
174	0
880	0
911	0
176	0
657	0
362	0
682	0
418	0
621	0
513	0
668	0
787	0
329	0
515	0
620	0
670	0
968	0
734	0
691	0
875	0
901	0
858	0
395	0
206	0
158	0
879	0
270	0
125	0
867	0
396	0
988	0
527	0
509	0
778	0
356	0
952	0
623	0
165	0
625	0
463	0
709	0
282	0
664	0
540	0
445	0
929	0
206	0
319	0
277	0
588	0
471	0
266	0
853	0
192	0
224	0
652	0
174	0
104	0
315	0
126	0
675	0
768	0
583	0
491	0
519	0
482	0
227	0
436	0
499	0
135	0
745	0
767	0
196	0
240	0
777	0
286	0
164	0
791	0
736	0
416	0
393	0
699	0
654	0
247	0
927	0
618	0
578	0
890	0
836	0
622	0
688	0
855	0
571	0
886	0
693	0
330	0
845	0
645	0
154	0
988	0
776	0
526	0
960	0
615	0
562	0
669	0
336	0
852	0
605	0
727	0
556	0
919	0
289	0
955	0
782	0
444	0
184	0
410	0
530	0
572	0
385	0
377	0
833	0
622	0
789	0
986	0
658	0
300	0
761	0
823	0
754	0
288	0
363	0
809	0
828	0
512	0
938	0
929	0
787	0
268	0
180	0
550	0
736	0
729	0
462	0
288	0
536	0
309	0
980	0
923	0
659	0
809	0
629	0
610	0
948	0
466	0
855	0
750	0
799	0
278	0
380	0
205	0
965	0
437	0
892	0
505	0
579	0
585	0
454	0
218	0
497	0
225	0
248	0
842	0
111	0
928	0
557	0
726	0
617	0
491	0
194	0
360	0
527	0
254	0
926	0
953	0
613	0
505	0
217	0
889	0
853	0
691	0
156	0
510	0
779	0
903	0
892	0
771	0
294	0
373	0
416	0
101	0
613	0
831	0
231	0
200	0
915	0
798	0
157	0
401	0
190	0
767	0
616	0
578	0
895	0
454	0
421	0
134	0
940	0
961	0
958	0
215	0
309	0
979	0
218	0
192	0
937	0
453	0
657	0
948	0
377	0
209	0
989	0
712	0
396	0
292	0
124	0
794	0
892	0
923	0
208	0
503	0
520	0
437	0
454	0
244	0
904	0
375	0
566	0
145	0
192	0
522	0
810	0
650	0
404	0
377	0
832	0
706	0
186	0
227	0
911	0
163	0
861	0
283	0
102	0
326	0
440	0
103	0
568	0
951	0
296	0
139	0
342	0
274	0
902	0
254	0
693	0
146	0
114	0
546	0
189	0
949	0
999	0
198	0
939	0
692	0
412	0
413	0
243	0
206	0
765	0
226	0
400	0
167	0
545	0
119	0
892	0
350	0
478	0
415	0
417	0
340	0
999	0
795	0
483	0
791	0
786	0
765	0
143	0
209	0
104	0
140	0
529	0
579	0
409	0
446	0
953	0
321	0
659	0
779	0
896	0
841	0
216	0
834	0
812	0
740	0
154	0
301	0
335	0
502	0
838	0
191	0
703	0
707	0
677	0
825	0
927	0
354	0
557	0
656	0
368	0
306	0
789	0
871	0
754	0
172	0
277	0
845	0
786	0
424	0
488	0
321	0
167	0
708	0
616	0
273	0
533	0
673	0
394	0
730	0
999	0
104	0
229	0
708	0
816	0
979	0
592	0
109	0
855	0
281	0
362	0
832	0
404	0
122	0
409	0
565	0
323	0
709	0
507	0
771	0
989	0
459	0
414	0
275	0
515	0
202	0
741	0
214	0
453	0
764	0
188	0
165	0
114	0
824	0
835	0
942	0
730	0
229	0
765	0
349	0
232	0
442	0
794	0
443	0
733	0
305	0
477	0
796	0
253	0
602	0
848	0
805	0
823	0
982	0
295	0
329	0
934	0
926	0
398	0
707	0
145	0
905	0
985	0
285	0
403	0
790	0
201	0
786	0
266	0
344	0
276	0
637	0
309	0
625	0
747	0
668	0
184	0
940	0
805	0
736	0
326	0
826	0
481	0
895	0
138	0
164	0
198	0
269	0
923	0
505	0
458	0
954	0
137	0
821	0
128	0
627	0
770	0
752	0
122	0
274	0
740	0
647	0
228	0
126	0
870	0
883	0
436	0
217	0
889	0
928	0
449	0
753	0
813	0
569	0
256	0
518	0
886	0
498	0
947	0
683	0
983	0
557	0
439	0
520	0
665	0
388	0
473	0
525	0
315	0
822	0
787	0
268	0
618	0
611	0
654	0
469	0
215	0
846	0
366	0
123	0
501	0
626	0
786	0
877	0
837	0
939	0
296	0
431	0
796	0
797	0
693	0
186	0
807	0
902	0
234	0
845	0
877	0
664	0
960	0
790	0
131	0
417	0
374	0
494	0
292	0
964	0
618	0
847	0
170	0
681	0
875	0
478	0
136	0
488	0
541	0
892	0
513	0
329	0
781	0
677	0
739	0
351	0
426	0
726	0
115	0
640	0
987	0
937	0
280	0
179	0
465	0
166	0
496	0
989	0
367	0
937	0
727	0
877	0
176	0
431	0
340	0
911	0
569	0
401	0
348	0
807	0
585	0
602	0
927	0
129	0
655	0
603	0
277	0
291	0
840	0
604	0
112	0
284	0
757	0
490	0
376	0
910	0
720	0
270	0
300	0
887	0
399	0
699	0
123	0
665	0
909	0
974	0
852	0
841	0
196	0
145	0
674	0
327	0
752	0
795	0
629	0
247	0
824	0
919	0
906	0
842	0
507	0
923	0
120	0
139	0
144	0
845	0
155	0
296	0
252	0
774	0
599	0
262	0
167	0
638	0
164	0
749	0
432	0
833	0
282	0
431	0
734	0
569	0
388	0
706	0
366	0
974	0
457	0
767	0
441	0
985	0
971	0
582	0
962	0
119	0
373	0
890	0
863	0
438	0
550	0
436	0
575	0
844	0
316	0
211	0
300	0
315	0
446	0
528	0
293	0
213	0
517	0
179	0
480	0
414	0
429	0
133	0
656	0
133	0
738	0
687	0
878	0
897	0
806	0
963	0
914	0
480	0
570	0
236	0
348	0
219	0
631	0
583	0
717	0
963	0
418	0
966	0
214	0
842	0
605	0
531	0
241	0
970	0
535	0
914	0
669	0
868	0
547	0
894	0
945	0
170	0
293	0
514	0
847	0
142	0
785	0
625	0
292	0
281	0
169	0
671	0
484	0
719	0
845	0
944	0
878	0
368	0
148	0
153	0
622	0
692	0
113	0
394	0
829	0
985	0
391	0
295	0
525	0
269	0
532	0
653	0
847	0
373	0
757	0
1000	0
782	0
852	0
595	0
310	0
612	0
694	0
769	0
764	0
720	0
337	0
215	0
852	0
631	0
753	0
936	0
858	0
181	0
642	0
301	0
634	0
485	0
955	0
261	0
599	0
132	0
231	0
693	0
608	0
651	0
217	0
268	0
294	0
944	0
265	0
219	0
584	0
784	0
292	0
818	0
329	0
794	0
508	0
311	0
826	0
263	0
610	0
708	0
118	0
607	0
794	0
157	0
506	0
602	0
501	0
390	0
925	0
121	0
955	0
451	0
715	0
344	0
422	0
440	0
374	0
622	0
118	0
378	0
923	0
855	0
862	0
632	0
913	0
801	0
626	0
239	0
872	0
323	0
572	0
530	0
548	0
137	0
131	0
298	0
378	0
357	0
772	0
183	0
560	0
315	0
789	0
141	0
394	0
643	0
300	0
605	0
269	0
371	0
821	0
122	0
120	0
573	0
524	0
687	0
489	0
141	0
288	0
500	0
726	0
404	0
352	0
343	0
100	0
746	0
966	0
829	0
744	0
491	0
870	0
867	0
934	0
525	0
291	0
596	0
675	0
877	0
345	0
440	0
714	0
344	0
708	0
120	0
707	0
533	0
757	0
864	0
911	0
601	0
113	0
795	0
1000	0
940	0
321	0
296	0
167	0
609	0
887	0
916	0
791	0
867	0
275	0
220	0
958	0
560	0
277	0
959	0
490	0
811	0
867	0
879	0
197	0
452	0
924	0
181	0
554	0
400	0
996	0
801	0
282	0
479	0
514	0
808	0
416	0
435	0
431	0
815	0
414	0
893	0
285	0
197	0
942	0
730	0
857	0
408	0
942	0
641	0
146	0
303	0
448	0
825	0
588	0
963	0
625	0
964	0
334	0
923	0
804	0
170	0
966	0
175	0
293	0
481	0
996	0
249	0
807	0
682	0
734	0
189	0
601	0
344	0
455	0
971	0
928	0
979	0
551	0
490	0
957	0
591	0
408	0
964	0
827	0
387	0
150	0
507	0
685	0
364	0
795	0
251	0
766	0
970	0
114	0
650	0
303	0
999	0
251	0
720	0
241	0
677	0
497	0
368	0
874	0
702	0
291	0
257	0
329	0
953	0
517	0
944	0
505	0
276	0
771	0
421	0
521	0
360	0
611	0
530	0
768	0
373	0
626	0
733	0
553	0
783	0
887	0
295	0
390	0
870	0
249	0
196	0
600	0
198	0
310	0
231	0
111	0
471	0
992	0
293	0
326	0
540	0
204	0
872	0
712	0
732	0
538	0
460	0
931	0
445	0
158	0
169	0
205	0
976	0
608	0
121	0
745	0
795	0
283	0
381	0
391	0
397	0
946	0
672	0
780	0
353	0
330	0
131	0
487	0
400	0
734	0
144	0
166	0
702	0
468	0
143	0
808	0
541	0
463	0
716	0
696	0
958	0
175	0
723	0
697	0
710	0
380	0
832	0
793	0
261	0
755	0
379	0
783	0
493	0
721	0
554	0
478	0
947	0
159	0
355	0
124	0
251	0
918	0
322	0
642	0
393	0
798	0
752	0
218	0
300	0
592	0
920	0
590	0
375	0
906	0
125	0
318	0
509	0
704	0
601	0
823	0
484	0
130	0
456	0
358	0
559	0
319	0
776	0
652	0
876	0
249	0
986	0
636	0
102	0
539	0
584	0
921	0
591	0
190	0
645	0
655	0
312	0
304	0
255	0
721	0
920	0
570	0
915	0
946	0
885	0
339	0
257	0
309	0
706	0
338	0
705	0
982	0
781	0
158	0
761	0
941	0
208	0
229	0
799	0
906	0
275	0
716	0
478	0
383	0
720	0
949	0
638	0
623	0
136	0
885	0
586	0
742	0
846	0
980	0
519	0
324	0
837	0
598	0
153	0
618	0
539	0
550	0
558	0
544	0
559	0
115	0
370	0
471	0
997	0
957	0
341	0
773	0
989	0
226	0
753	0
108	0
373	0
789	0
795	0
465	0
316	0
603	0
396	0
793	0
406	0
789	0
327	0
505	0
237	0
102	0
390	0
130	0
502	0
712	0
470	0
409	0
305	0
106	0
958	0
627	0
662	0
104	0
177	0
504	0
483	0
575	0
812	0
806	0
867	0
708	0
942	0
828	0
704	0
543	0
227	0
465	0
561	0
150	0
639	0
930	0
795	0
137	0
377	0
906	0
247	0
347	0
929	0
573	0
709	0
547	0
214	0
955	0
581	0
105	0
997	0
530	0
303	0
535	0
486	0
325	0
553	0
762	0
361	0
692	0
284	0
102	0
709	0
652	0
977	0
347	0
319	0
224	0
854	0
389	0
112	0
741	0
819	0
421	0
416	0
420	0
905	0
160	0
363	0
107	0
273	0
997	0
977	0
687	0
135	0
244	0
441	0
726	0
555	0
447	0
493	0
731	0
134	0
156	0
935	0
286	0
672	0
718	0
623	0
763	0
660	0
776	0
765	0
685	0
327	0
461	0
953	0
441	0
394	0
242	0
725	0
635	0
299	0
267	0
630	0
880	0
325	0
222	0
514	0
835	0
213	0
223	0
532	0
854	0
916	0
946	0
300	0
114	0
497	0
581	0
859	0
945	0
133	0
896	0
894	0
497	0
581	0
642	0
904	0
900	0
104	0
922	0
366	0
334	0
690	0
906	0
952	0
378	0
905	0
355	0
136	0
206	0
396	0
483	0
278	0
540	0
206	0
166	0
434	0
341	0
896	0
819	0
865	0
797	0
463	0
606	0
981	0
811	0
925	0
854	0
608	0
676	0
562	0
866	0
493	0
145	0
151	0
318	0
865	0
703	0
435	0
322	0
501	0
305	0
122	0
604	0
686	0
372	0
915	0
391	0
327	0
325	0
971	0
630	0
263	0
215	0
657	0
727	0
325	0
314	0
763	0
870	0
799	0
604	0
983	0
718	0
910	0
294	0
845	0
405	0
945	0
217	0
169	0
542	0
314	0
592	0
148	0
909	0
805	0
467	0
712	0
508	0
964	0
419	0
508	0
737	0
186	0
182	0
148	0
980	0
457	0
394	0
306	0
851	0
724	0
430	0
217	0
885	0
607	0
955	0
766	0
656	0
129	0
496	0
311	0
570	0
183	0
108	0
798	0
807	0
112	0
117	0
131	0
465	0
237	0
615	0
809	0
110	0
570	0
573	0
407	0
759	0
879	0
375	0
479	0
589	0
502	0
489	0
557	0
848	0
193	0
199	0
522	0
488	0
533	0
623	0
130	0
340	0
916	0
596	0
873	0
528	0
389	0
697	0
856	0
757	0
572	0
802	0
234	0
944	0
973	0
304	0
305	0
793	0
901	0
757	0
903	0
507	0
298	0
283	0
530	0
148	0
821	0
722	0
145	0
463	0
551	0
698	0
555	0
382	0
148	0
895	0
547	0
781	0
968	0
845	0
707	0
616	0
865	0
168	0
864	0
233	0
816	0
104	0
438	0
667	0
168	0
496	0
219	0
891	0
262	0
805	0
516	0
307	0
793	0
319	0
606	0
422	0
477	0
455	0
578	0
297	0
469	0
749	0
304	0
519	0
101	0
672	0
158	0
366	0
298	0
690	0
638	0
452	0
928	0
295	0
219	0
229	0
741	0
649	0
767	0
262	0
826	0
522	0
109	0
329	0
655	0
651	0
228	0
924	0
158	0
800	0
808	0
365	0
463	0
110	0
986	0
836	0
748	0
188	0
801	0
348	0
307	0
871	0
898	0
200	0
325	0
815	0
635	0
472	0
956	0
731	0
836	0
164	0
196	0
757	0
405	0
501	0
241	0
604	0
968	0
998	0
155	0
304	0
153	0
903	0
135	0
953	0
516	0
869	0
386	0
355	0
840	0
263	0
909	0
710	0
252	0
822	0
137	0
246	0
362	0
759	0
182	0
902	0
976	0
253	0
502	0
652	0
350	0
495	0
381	0
789	0
500	0
593	0
891	0
387	0
315	0
514	0
769	0
274	0
248	0
255	0
227	0
921	0
519	0
139	0
557	0
806	0
209	0
492	0
617	0
427	0
654	0
851	0
948	0
124	0
928	0
915	0
320	0
637	0
386	0
385	0
888	0
297	0
404	0
159	0
733	0
459	0
373	0
233	0
192	0
721	0
832	0
962	0
265	0
396	0
520	0
896	0
801	0
244	0
393	0
860	0
713	0
886	0
383	0
561	0
552	0
103	0
101	0
388	0
326	0
634	0
174	0
803	0
445	0
797	0
985	0
575	0
561	0
619	0
159	0
708	0
919	0
693	0
260	0
977	0
653	0
697	0
247	0
817	0
949	0
772	0
442	0
836	0
915	0
318	0
722	0
176	0
608	0
256	0
177	0
505	0
573	0
711	0
905	0
366	0
964	0
262	0
844	0
353	0
923	0
548	0
777	0
724	0
810	0
877	0
741	0
583	0
222	0
603	0
837	0
401	0
429	0
465	0
630	0
747	0
469	0
957	0
508	0
896	0
768	0
266	0
417	0
802	0
475	0
481	0
520	0
490	0
549	0
198	0
573	0
939	0
542	0
671	0
403	0
431	0
992	0
157	0
566	0
269	0
257	0
233	0
386	0
538	0
638	0
853	0
106	0
631	0
177	0
279	0
817	0
546	0
403	0
945	0
820	0
442	0
244	0
871	0
883	0
505	0
567	0
467	0
897	0
975	0
233	0
295	0
354	0
469	0
683	0
179	0
201	0
234	0
386	0
758	0
910	0
790	0
630	0
281	0
393	0
287	0
447	0
742	0
281	0
144	0
989	0
863	0
266	0
314	0
485	0
115	0
671	0
540	0
301	0
683	0
854	0
409	0
680	0
850	0
228	0
941	0
219	0
662	0
313	0
329	0
544	0
758	0
658	0
829	0
389	0
329	0
200	0
285	0
336	0
211	0
254	0
950	0
628	0
523	0
570	0
321	0
794	0
167	0
646	0
301	0
408	0
651	0
437	0
390	0
417	0
468	0
277	0
160	0
138	0
531	0
329	0
846	0
336	0
506	0
271	0
196	0
203	0
461	0
535	0
324	0
916	0
862	0
531	0
663	0
877	0
405	0
854	0
971	0
928	0
358	0
224	0
297	0
615	0
158	0
609	0
916	0
351	0
921	0
581	0
536	0
958	0
611	0
581	0
247	0
302	0
778	0
688	0
261	0
756	0
542	0
326	0
689	0
478	0
729	0
327	0
419	0
613	0
869	0
686	0
156	0
772	0
488	0
997	0
422	0
529	0
208	0
276	0
336	0
139	0
652	0
391	0
376	0
866	0
773	0
818	0
880	0
859	0
953	0
537	0
464	0
448	0
514	0
438	0
770	0
475	0
633	0
935	0
173	0
797	0
609	0
929	0
197	0
258	0
291	0
579	0
702	0
624	0
446	0
986	0
754	0
566	0
893	0
672	0
248	0
463	0
450	0
464	0
793	0
814	0
821	0
194	0
848	0
256	0
974	0
983	0
764	0
251	0
731	0
190	0
479	0
715	0
424	0
112	0
992	0
481	0
776	0
133	0
823	0
973	0
326	0
401	0
909	0
427	0
279	0
944	0
164	0
795	0
285	0
599	0
849	0
515	0
663	0
314	0
576	0
577	0
340	0
319	0
256	0
599	0
471	0
234	0
184	0
344	0
168	0
475	0
893	0
392	0
653	0
900	0
106	0
819	0
290	0
369	0
165	0
635	0
361	0
633	0
396	0
518	0
676	0
321	0
814	0
374	0
376	0
505	0
240	0
424	0
956	0
770	0
191	0
608	0
651	0
513	0
435	0
978	0
426	0
193	0
571	0
785	0
234	0
440	0
203	0
385	0
622	0
675	0
444	0
241	0
620	0
722	0
551	0
595	0
941	0
599	0
206	0
236	0
525	0
246	0
265	0
782	0
220	0
821	0
474	0
674	0
492	0
802	0
961	0
289	0
360	0
636	0
239	0
195	0
432	0
837	0
669	0
321	0
873	0
335	0
861	0
542	0
929	0
712	0
631	0
806	0
385	0
546	0
207	0
538	0
338	0
289	0
957	0
963	0
389	0
847	0
595	0
353	0
289	0
668	0
751	0
845	0
969	0
451	0
261	0
839	0
664	0
146	0
811	0
468	0
1000	0
439	0
489	0
271	0
346	0
725	0
456	0
361	0
747	0
860	0
721	0
406	0
293	0
892	0
961	0
144	0
897	0
248	0
219	0
544	0
825	0
896	0
980	0
827	0
769	0
658	0
615	0
426	0
909	0
677	0
334	0
725	0
909	0
579	0
624	0
718	0
318	0
370	0
955	0
412	0
426	0
246	0
529	0
788	0
149	0
470	0
731	0
733	0
326	0
466	0
774	0
615	0
533	0
996	0
944	0
945	0
403	0
324	0
194	0
701	0
549	0
581	0
745	0
488	0
138	0
150	0
897	0
755	0
307	0
403	0
219	0
962	0
430	0
597	0
327	0
911	0
419	0
981	0
663	0
536	0
616	0
814	0
224	0
430	0
145	0
284	0
613	0
443	0
898	0
125	0
964	0
643	0
156	0
360	0
513	0
104	0
864	0
647	0
748	0
370	0
757	0
293	0
715	0
425	0
538	0
164	0
558	0
475	0
809	0
529	0
381	0
479	0
706	0
422	0
147	0
323	0
215	0
653	0
791	0
457	0
351	0
672	0
782	0
868	0
873	0
930	0
610	0
620	0
248	0
176	0
493	0
917	0
226	0
576	0
915	0
164	0
819	0
922	0
589	0
972	0
789	0
101	0
244	0
778	0
618	0
192	0
778	0
464	0
529	0
444	0
630	0
752	0
933	0
384	0
389	0
313	0
835	0
159	0
979	0
204	0
881	0
508	0
143	0
751	0
970	0
380	0
417	0
587	0
556	0
868	0
159	0
981	0
703	0
345	0
751	0
589	0
613	0
164	0
216	0
525	0
816	0
560	0
719	0
612	0
487	0
556	0
102	0
168	0
704	0
371	0
867	0
933	0
271	0
466	0
462	0
128	0
256	0
282	0
438	0
169	0
777	0
393	0
668	0
854	0
955	0
451	0
283	0
802	0
584	0
845	0
274	0
957	0
144	0
436	0
541	0
755	0
421	0
238	0
558	0
540	0
440	0
372	0
100	0
728	0
256	0
746	0
494	0
265	0
810	0
933	0
258	0
130	0
126	0
911	0
271	0
200	0
923	0
529	0
315	0
129	0
111	0
873	0
199	0
333	0
661	0
416	0
947	0
996	0
971	0
257	0
277	0
132	0
519	0
247	0
640	0
303	0
124	0
756	0
106	0
145	0
682	0
419	0
366	0
700	0
642	0
801	0
491	0
946	0
957	0
942	0
910	0
283	0
335	0
532	0
201	0
119	0
133	0
191	0
220	0
803	0
716	0
876	0
390	0
505	0
761	0
562	0
397	0
273	0
493	0
631	0
738	0
543	0
374	0
490	0
746	0
612	0
719	0
578	0
788	0
914	0
892	0
603	0
245	0
224	0
437	0
923	0
241	0
382	0
674	0
392	0
382	0
809	0
106	0
829	0
788	0
205	0
530	0
664	0
700	0
210	0
655	0
200	0
842	0
276	0
288	0
853	0
466	0
940	0
557	0
483	0
787	0
206	0
171	0
777	0
338	0
211	0
314	0
762	0
323	0
260	0
695	0
143	0
159	0
401	0
321	0
745	0
905	0
951	0
787	0
231	0
962	0
581	0
406	0
863	0
184	0
433	0
160	0
123	0
753	0
756	0
740	0
556	0
733	0
317	0
231	0
726	0
475	0
324	0
503	0
657	0
784	0
847	0
523	0
510	0
371	0
967	0
689	0
211	0
516	0
822	0
352	0
534	0
978	0
492	0
636	0
637	0
875	0
659	0
144	0
334	0
165	0
940	0
664	0
774	0
344	0
823	0
494	0
195	0
854	0
772	0
397	0
840	0
754	0
842	0
249	0
769	0
298	0
246	0
148	0
995	0
271	0
414	0
965	0
597	0
887	0
243	0
690	0
461	0
679	0
116	0
147	0
190	0
484	0
170	0
128	0
201	0
641	0
500	0
873	0
374	0
189	0
755	0
838	0
510	0
486	0
178	0
247	0
155	0
586	0
621	0
928	0
126	0
131	0
376	0
162	0
282	0
407	0
644	0
632	0
248	0
389	0
369	0
485	0
644	0
453	0
469	0
512	0
224	0
169	0
540	0
748	0
870	0
210	0
552	0
369	0
288	0
675	0
525	0
437	0
541	0
133	0
939	0
383	0
909	0
515	0
353	0
785	0
984	0
314	0
671	0
647	0
836	0
454	0
306	0
927	0
865	0
408	0
156	0
663	0
124	0
448	0
974	0
824	0
102	0
249	0
708	0
458	0
963	0
496	0
429	0
673	0
938	0
551	0
152	0
255	0
267	0
384	0
934	0
914	0
245	0
457	0
929	0
228	0
288	0
271	0
350	0
610	0
236	0
586	0
273	0
111	0
973	0
825	0
725	0
546	0
478	0
191	0
135	0
615	0
785	0
810	0
599	0
705	0
647	0
195	0
939	0
847	0
478	0
767	0
985	0
288	0
301	0
897	0
414	0
924	0
442	0
643	0
759	0
565	0
770	0
313	0
670	0
878	0
272	0
605	0
612	0
330	0
211	0
255	0
474	0
756	0
931	0
159	0
261	0
222	0
328	0
684	0
649	0
101	0
564	0
368	0
302	0
920	0
538	0
187	0
865	0
764	0
373	0
385	0
641	0
940	0
607	0
683	0
782	0
584	0
122	0
388	0
821	0
895	0
848	0
757	0
666	0
902	0
498	0
211	0
220	0
932	0
310	0
597	0
225	0
909	0
917	0
452	0
261	0
894	0
153	0
177	0
479	0
189	0
108	0
577	0
973	0
354	0
695	0
586	0
909	0
227	0
716	0
681	0
707	0
724	0
268	0
909	0
422	0
197	0
728	0
162	0
708	0
304	0
760	0
222	0
216	0
864	0
898	0
462	0
202	0
649	0
867	0
703	0
514	0
238	0
973	0
348	0
840	0
738	0
412	0
510	0
473	0
897	0
690	0
927	0
309	0
236	0
490	0
925	0
657	0
484	0
676	0
848	0
570	0
327	0
421	0
967	0
770	0
907	0
406	0
501	0
135	0
528	0
649	0
278	0
120	0
206	0
721	0
659	0
764	0
232	0
797	0
149	0
142	0
857	0
763	0
587	0
341	0
669	0
126	0
182	0
106	0
361	0
315	0
159	0
702	0
926	0
385	0
779	0
477	0
422	0
347	0
367	0
393	0
905	0
432	0
353	0
602	0
727	0
152	0
402	0
498	0
953	0
691	0
988	0
243	0
450	0
568	0
555	0
406	0
385	0
909	0
412	0
551	0
751	0
185	0
533	0
247	0
712	0
691	0
403	0
472	0
969	0
308	0
364	0
103	0
927	0
838	0
903	0
588	0
627	0
206	0
713	0
112	0
686	0
196	0
876	0
764	0
990	0
504	0
326	0
152	0
370	0
549	0
590	0
495	0
998	0
826	0
532	0
314	0
420	0
740	0
648	0
263	0
997	0
374	0
468	0
803	0
706	0
744	0
117	0
758	0
398	0
146	0
603	0
622	0
713	0
541	0
186	0
444	0
743	0
681	0
425	0
536	0
723	0
587	0
371	0
274	0
131	0
808	0
657	0
972	0
793	0
338	0
277	0
946	0
855	0
513	0
424	0
661	0
566	0
321	0
675	0
161	0
128	0
710	0
236	0
164	0
951	0
287	0
452	0
304	0
887	0
893	0
776	0
124	0
627	0
784	0
405	0
314	0
988	0
532	0
256	0
145	0
766	0
411	0
780	0
743	0
126	0
869	0
726	0
990	0
552	0
879	0
921	0
637	0
456	0
470	0
175	0
707	0
847	0
318	0
358	0
112	0
985	0
238	0
181	0
486	0
727	0
143	0
971	0
210	0
867	0
375	0
847	0
643	0
518	0
819	0
336	0
257	0
635	0
880	0
148	0
642	0
753	0
339	0
447	0
820	0
538	0
257	0
619	0
675	0
943	0
739	0
111	0
652	0
788	0
159	0
683	0
430	0
690	0
302	0
434	0
700	0
208	0
560	0
408	0
478	0
228	0
722	0
114	0
234	0
794	0
455	0
421	0
200	0
628	0
384	0
720	0
382	0
654	0
473	0
545	0
702	0
709	0
479	0
668	0
235	0
344	0
678	0
835	0
808	0
800	0
969	0
950	0
261	0
451	0
904	0
102	0
501	0
369	0
599	0
162	0
989	0
649	0
961	0
283	0
556	0
761	0
385	0
772	0
690	0
307	0
983	0
650	0
718	0
654	0
576	0
933	0
167	0
795	0
498	0
607	0
888	0
927	0
373	0
733	0
827	0
786	0
746	0
504	0
105	0
426	0
695	0
542	0
982	0
235	0
351	0
362	0
286	0
118	0
895	0
548	0
391	0
729	0
780	0
376	0
918	0
763	0
558	0
550	0
777	0
395	0
935	0
222	0
637	0
211	0
491	0
527	0
377	0
525	0
351	0
508	0
237	0
587	0
246	0
470	0
982	0
764	0
979	0
832	0
555	0
639	0
641	0
432	0
828	0
883	0
446	0
911	0
303	0
301	0
688	0
162	0
367	0
723	0
206	0
716	0
640	0
882	0
599	0
562	0
695	0
189	0
677	0
736	0
981	0
239	0
823	0
622	0
175	0
733	0
225	0
394	0
458	0
491	0
761	0
514	0
447	0
193	0
617	0
444	0
368	0
338	0
137	0
822	0
479	0
855	0
376	0
677	0
962	0
341	0
922	0
984	0
594	0
345	0
683	0
822	0
283	0
245	0
613	0
924	0
778	0
571	0
760	0
745	0
881	0
327	0
822	0
633	0
686	0
472	0
109	0
458	0
925	0
842	0
448	0
274	0
371	0
971	0
344	0
250	0
571	0
109	0
537	0
614	0
508	0
906	0
652	0
764	0
395	0
102	0
953	0
641	0
777	0
778	0
849	0
671	0
130	0
544	0
895	0
834	0
613	0
227	0
360	0
251	0
908	0
1000	0
438	0
108	0
760	0
725	0
662	0
314	0
493	0
598	0
125	0
818	0
911	0
661	0
902	0
354	0
725	0
939	0
126	0
776	0
842	0
149	0
616	0
211	0
519	0
609	0
637	0
886	0
576	0
401	0
501	0
421	0
657	0
220	0
325	0
328	0
853	0
449	0
962	0
719	0
391	0
321	0
270	0
187	0
726	0
268	0
170	0
354	0
208	0
602	0
971	0
115	0
799	0
541	0
454	0
462	0
119	0
661	0
780	0
262	0
888	0
602	0
622	0
618	0
430	0
627	0
661	0
669	0
393	0
795	0
406	0
722	0
970	0
432	0
667	0
251	0
658	0
495	0
186	0
131	0
355	0
216	0
321	0
509	0
446	0
523	0
137	0
865	0
988	0
567	0
372	0
847	0
543	0
154	0
714	0
193	0
680	0
694	0
762	0
228	0
276	0
486	0
132	0
488	0
275	0
837	0
685	0
234	0
565	0
752	0
441	0
632	0
119	0
100	0
413	0
655	0
220	0
541	0
298	0
648	0
219	0
842	0
690	0
327	0
674	0
904	0
336	0
354	0
148	0
892	0
936	0
796	0
838	0
420	0
553	0
408	0
549	0
869	0
426	0
663	0
605	0
228	0
953	0
416	0
540	0
946	0
121	0
878	0
425	0
494	0
476	0
893	0
518	0
602	0
540	0
615	0
660	0
366	0
163	0
417	0
983	0
874	0
194	0
504	0
752	0
751	0
913	0
494	0
824	0
289	0
170	0
890	0
861	0
429	0
594	0
455	0
804	0
873	0
496	0
449	0
809	0
417	0
720	0
398	0
895	0
918	0
563	0
377	0
988	0
459	0
251	0
265	0
351	0
430	0
471	0
500	0
268	0
487	0
333	0
218	0
652	0
700	0
490	0
901	0
601	0
523	0
780	0
556	0
323	0
129	0
525	0
193	0
650	0
507	0
481	0
766	0
792	0
493	0
596	0
195	0
917	0
924	0
542	0
923	0
773	0
601	0
933	0
318	0
433	0
414	0
543	0
401	0
284	0
990	0
229	0
748	0
448	0
159	0
910	0
165	0
451	0
187	0
121	0
112	0
952	0
512	0
356	0
720	0
857	0
390	0
497	0
149	0
626	0
694	0
556	0
405	0
330	0
264	0
534	0
514	0
691	0
588	0
758	0
448	0
327	0
871	0
669	0
841	0
472	0
230	0
723	0
869	0
234	0
179	0
842	0
157	0
512	0
270	0
949	0
171	0
424	0
571	0
994	0
265	0
630	0
634	0
826	0
345	0
350	0
861	0
462	0
302	0
564	0
859	0
972	0
474	0
806	0
153	0
544	0
584	0
878	0
257	0
970	0
276	0
790	0
126	0
387	0
185	0
307	0
275	0
727	0
199	0
714	0
876	0
195	0
827	0
207	0
159	0
271	0
227	0
396	0
972	0
137	0
914	0
458	0
345	0
306	0
914	0
222	0
908	0
867	0
618	0
334	0
803	0
405	0
350	0
678	0
465	0
958	0
694	0
112	0
428	0
854	0
873	0
202	0
801	0
800	0
434	0
571	0
852	0
238	0
800	0
175	0
998	0
267	0
578	0
162	0
105	0
256	0
870	0
842	0
763	0
243	0
399	0
726	0
591	0
866	0
574	0
507	0
466	0
657	0
577	0
748	0
927	0
597	0
853	0
419	0
369	0
912	0
882	0
731	0
406	0
910	0
692	0
425	0
162	0
504	0
154	0
262	0
343	0
564	0
135	0
695	0
949	0
176	0
122	0
181	0
780	0
883	0
902	0
381	0
448	0
321	0
585	0
681	0
485	0
604	0
809	0
601	0
243	0
741	0
915	0
869	0
864	0
378	0
336	0
320	0
469	0
963	0
798	0
468	0
610	0
119	0
660	0
452	0
258	0
436	0
326	0
826	0
696	0
893	0
953	0
437	0
988	0
739	0
709	0
250	0
963	0
958	0
835	0
951	0
638	0
155	0
535	0
752	0
499	0
131	0
394	0
329	0
458	0
272	0
805	0
288	0
226	0
354	0
701	0
339	0
780	0
670	0
521	0
458	0
996	0
244	0
124	0
728	0
720	0
593	0
408	0
488	0
324	0
779	0
595	0
287	0
678	0
485	0
136	0
935	0
880	0
418	0
282	0
178	0
273	0
417	0
116	0
377	0
597	0
614	0
702	0
896	0
546	0
229	0
540	0
928	0
651	0
787	0
816	0
149	0
855	0
416	0
416	0
478	0
202	0
625	0
852	0
356	0
598	0
237	0
720	0
170	0
369	0
938	0
401	0
219	0
458	0
736	0
636	0
269	0
361	0
234	0
309	0
685	0
730	0
515	0
812	0
599	0
841	0
166	0
523	0
914	0
981	0
798	0
247	0
846	0
761	0
374	0
749	0
962	0
110	0
459	0
875	0
326	0
439	0
199	0
440	0
457	0
991	0
446	0
682	0
302	0
144	0
349	0
664	0
629	0
232	0
591	0
814	0
125	0
751	0
736	0
239	0
540	0
730	0
628	0
492	0
436	0
376	0
155	0
101	0
966	0
426	0
672	0
528	0
677	0
145	0
134	0
919	0
602	0
962	0
968	0
781	0
899	0
538	0
292	0
370	0
666	0
297	0
286	0
798	0
675	0
538	0
855	0
744	0
105	0
714	0
931	0
987	0
642	0
612	0
863	0
118	0
906	0
421	0
860	0
975	0
937	0
123	0
919	0
791	0
719	0
482	0
156	0
209	0
239	0
896	0
284	0
939	0
489	0
759	0
275	0
742	0
268	0
178	0
466	0
345	0
358	0
204	0
492	0
940	0
469	0
935	0
342	0
343	0
875	0
396	0
785	0
694	0
796	0
352	0
774	0
721	0
218	0
820	0
661	0
811	0
273	0
137	0
925	0
547	0
264	0
843	0
717	0
354	0
834	0
432	0
121	0
352	0
206	0
882	0
990	0
748	0
678	0
898	0
849	0
353	0
961	0
806	0
933	0
978	0
706	0
924	0
490	0
130	0
917	0
967	0
639	0
869	0
847	0
562	0
238	0
949	0
568	0
149	0
815	0
853	0
147	0
418	0
213	0
782	0
630	0
473	0
456	0
873	0
518	0
544	0
597	0
815	0
679	0
735	0
279	0
114	0
929	0
659	0
377	0
431	0
631	0
534	0
843	0
348	0
322	0
123	0
801	0
887	0
582	0
704	0
323	0
781	0
790	0
266	0
719	0
108	0
361	0
469	0
636	0
790	0
442	0
148	0
981	0
933	0
235	0
553	0
840	0
719	0
431	0
594	0
233	0
177	0
920	0
161	0
341	0
586	0
597	0
418	0
287	0
235	0
932	0
294	0
348	0
145	0
497	0
495	0
211	0
163	0
244	0
437	0
767	0
899	0
531	0
210	0
779	0
374	0
540	0
122	0
266	0
1000	0
207	0
797	0
489	0
585	0
677	0
363	0
532	0
447	0
458	0
286	0
209	0
951	0
234	0
153	0
886	0
689	0
120	0
546	0
140	0
610	0
826	0
285	0
219	0
227	0
149	0
134	0
609	0
964	0
928	0
974	0
812	0
248	0
173	0
531	0
633	0
456	0
534	0
775	0
152	0
184	0
299	0
264	0
518	0
107	0
620	0
616	0
951	0
374	0
785	0
418	0
204	0
841	0
138	0
478	0
460	0
802	0
508	0
573	0
616	0
464	0
535	0
771	0
748	0
662	0
628	0
868	0
490	0
240	0
351	0
183	0
229	0
339	0
722	0
404	0
995	0
341	0
273	0
178	0
380	0
329	0
249	0
799	0
885	0
686	0
892	0
565	0
463	0
960	0
544	0
518	0
419	0
591	0
372	0
631	0
835	0
726	0
868	0
107	0
411	0
741	0
247	0
704	0
677	0
551	0
983	0
240	0
893	0
206	0
356	0
650	0
462	0
719	0
838	0
880	0
600	0
825	0
320	0
865	0
288	0
703	0
954	0
679	0
431	0
352	0
703	0
660	0
478	0
392	0
531	0
981	0
682	0
432	0
192	0
368	0
698	0
758	0
302	0
703	0
928	0
169	0
913	0
560	0
521	0
928	0
991	0
460	0
785	0
347	0
887	0
523	0
813	0
531	0
234	0
163	0
103	0
450	0
141	0
955	0
719	0
841	0
199	0
806	0
299	0
344	0
699	0
657	0
914	0
544	0
151	0
886	0
546	0
549	0
877	0
769	0
294	0
890	0
105	0
883	0
256	0
261	0
714	0
369	0
230	0
759	0
338	0
340	0
573	0
920	0
389	0
796	0
192	0
940	0
490	0
707	0
389	0
404	0
340	0
982	0
917	0
688	0
158	0
236	0
246	0
690	0
284	0
693	0
461	0
265	0
341	0
843	0
777	0
373	0
654	0
766	0
718	0
213	0
471	0
255	0
910	0
773	0
394	0
274	0
743	0
866	0
322	0
798	0
964	0
683	0
126	0
329	0
512	0
603	0
631	0
849	0
270	0
583	0
446	0
370	0
888	0
525	0
330	0
291	0
511	0
640	0
549	0
471	0
106	0
851	0
337	0
696	0
980	0
913	0
874	0
211	0
533	0
301	0
881	0
754	0
908	0
618	0
483	0
293	0
612	0
504	0
758	0
155	0
951	0
338	0
663	0
599	0
703	0
968	0
648	0
366	0
293	0
501	0
710	0
484	0
406	0
696	0
763	0
874	0
973	0
351	0
953	0
987	0
393	0
763	0
242	0
742	0
445	0
739	0
558	0
386	0
967	0
530	0
530	0
148	0
678	0
175	0
550	0
109	0
679	0
811	0
231	0
791	0
672	0
790	0
176	0
679	0
440	0
882	0
482	0
752	0
177	0
301	0
282	0
675	0
633	0
787	0
474	0
139	0
328	0
809	0
719	0
599	0
703	0
330	0
599	0
892	0
990	0
179	0
363	0
120	0
323	0
661	0
612	0
210	0
641	0
636	0
347	0
438	0
901	0
892	0
917	0
499	0
265	0
277	0
686	0
377	0
994	0
407	0
842	0
716	0
904	0
426	0
342	0
165	0
558	0
495	0
540	0
234	0
683	0
382	0
421	0
394	0
436	0
986	0
452	0
177	0
681	0
528	0
117	0
468	0
890	0
114	0
423	0
471	0
597	0
530	0
265	0
395	0
858	0
575	0
137	0
566	0
935	0
913	0
413	0
218	0
242	0
820	0
918	0
503	0
623	0
834	0
735	0
828	0
754	0
689	0
955	0
795	0
249	0
907	0
351	0
650	0
394	0
185	0
944	0
776	0
309	0
103	0
742	0
512	0
283	0
805	0
314	0
309	0
177	0
753	0
776	0
588	0
766	0
651	0
245	0
851	0
964	0
173	0
907	0
353	0
530	0
722	0
118	0
898	0
163	0
518	0
685	0
142	0
266	0
888	0
827	0
992	0
468	0
376	0
648	0
469	0
170	0
434	0
726	0
658	0
971	0
929	0
446	0
442	0
569	0
574	0
475	0
845	0
478	0
821	0
117	0
416	0
657	0
279	0
264	0
715	0
775	0
246	0
130	0
855	0
557	0
825	0
409	0
746	0
633	0
670	0
631	0
501	0
238	0
565	0
912	0
523	0
937	0
557	0
887	0
163	0
907	0
732	0
137	0
347	0
203	0
670	0
838	0
277	0
640	0
153	0
741	0
758	0
164	0
275	0
637	0
289	0
179	0
979	0
970	0
353	0
639	0
260	0
485	0
352	0
351	0
281	0
344	0
484	0
270	0
827	0
470	0
490	0
381	0
200	0
514	0
685	0
636	0
930	0
844	0
528	0
653	0
755	0
257	0
242	0
196	0
874	0
479	0
296	0
110	0
484	0
676	0
234	0
687	0
790	0
332	0
742	0
362	0
311	0
241	0
975	0
408	0
869	0
800	0
472	0
519	0
886	0
810	0
412	0
793	0
454	0
871	0
209	0
471	0
894	0
907	0
872	0
978	0
313	0
398	0
538	0
574	0
810	0
759	0
511	0
634	0
198	0
461	0
879	0
466	0
872	0
291	0
986	0
626	0
407	0
661	0
905	0
230	0
231	0
476	0
859	0
892	0
134	0
526	0
735	0
613	0
955	0
617	0
851	0
644	0
148	0
250	0
490	0
448	0
489	0
420	0
446	0
841	0
635	0
939	0
282	0
557	0
825	0
755	0
994	0
547	0
729	0
426	0
103	0
244	0
833	0
608	0
651	0
321	0
179	0
741	0
321	0
871	0
666	0
619	0
326	0
134	0
124	0
755	0
857	0
982	0
521	0
260	0
364	0
260	0
684	0
290	0
538	0
516	0
150	0
134	0
724	0
276	0
359	0
278	0
700	0
128	0
277	0
687	0
595	0
931	0
117	0
690	0
326	0
647	0
905	0
635	0
503	0
787	0
126	0
795	0
984	0
345	0
929	0
773	0
412	0
791	0
116	0
884	0
378	0
989	0
794	0
460	0
354	0
260	0
804	0
823	0
460	0
846	0
195	0
141	0
456	0
793	0
530	0
888	0
736	0
123	0
355	0
743	0
448	0
879	0
954	0
977	0
385	0
904	0
143	0
237	0
511	0
305	0
214	0
995	0
748	0
962	0
342	0
329	0
177	0
109	0
609	0
172	0
170	0
890	0
242	0
174	0
662	0
805	0
273	0
340	0
900	0
978	0
102	0
588	0
691	0
615	0
695	0
302	0
432	0
730	0
941	0
190	0
547	0
740	0
302	0
648	0
197	0
684	0
451	0
578	0
274	0
528	0
280	0
367	0
357	0
417	0
720	0
201	0
711	0
622	0
923	0
174	0
452	0
210	0
270	0
786	0
571	0
907	0
524	0
427	0
354	0
776	0
449	0
360	0
375	0
198	0
339	0
880	0
203	0
406	0
354	0
657	0
618	0
633	0
662	0
822	0
517	0
897	0
962	0
604	0
871	0
857	0
711	0
707	0
675	0
767	0
834	0
998	0
765	0
895	0
788	0
364	0
754	0
710	0
936	0
242	0
874	0
669	0
451	0
382	0
297	0
577	0
618	0
443	0
248	0
699	0
332	0
835	0
347	0
825	0
460	0
712	0
414	0
603	0
698	0
475	0
758	0
892	0
547	0
480	0
918	0
718	0
374	0
818	0
149	0
259	0
621	0
166	0
946	0
560	0
986	0
764	0
922	0
220	0
783	0
822	0
195	0
633	0
173	0
314	0
187	0
419	0
228	0
179	0
145	0
842	0
545	0
873	0
200	0
433	0
751	0
828	0
937	0
468	0
907	0
826	0
937	0
161	0
398	0
432	0
533	0
713	0
540	0
444	0
398	0
453	0
307	0
218	0
362	0
625	0
103	0
791	0
660	0
558	0
383	0
185	0
535	0
788	0
943	0
256	0
391	0
808	0
634	0
366	0
242	0
714	0
545	0
249	0
938	0
287	0
469	0
110	0
542	0
907	0
735	0
837	0
289	0
493	0
576	0
110	0
746	0
251	0
882	0
354	0
809	0
934	0
403	0
693	0
871	0
895	0
309	0
888	0
869	0
838	0
675	0
289	0
510	0
438	0
640	0
408	0
705	0
637	0
832	0
813	0
133	0
251	0
758	0
853	0
145	0
707	0
820	0
679	0
805	0
989	0
358	0
577	0
835	0
691	0
174	0
431	0
679	0
161	0
840	0
533	0
996	0
377	0
254	0
939	0
311	0
196	0
220	0
188	0
205	0
233	0
142	0
812	0
292	0
968	0
375	0
585	0
225	0
147	0
407	0
631	0
271	0
365	0
632	0
580	0
618	0
732	0
167	0
783	0
409	0
331	0
913	0
109	0
958	0
255	0
876	0
380	0
454	0
721	0
493	0
950	0
828	0
762	0
263	0
332	0
498	0
842	0
501	0
565	0
195	0
250	0
348	0
780	0
536	0
289	0
185	0
826	0
119	0
546	0
104	0
137	0
577	0
323	0
153	0
461	0
329	0
155	0
738	0
490	0
796	0
524	0
532	0
242	0
570	0
243	0
427	0
406	0
209	0
562	0
535	0
941	0
561	0
491	0
666	0
545	0
487	0
658	0
400	0
254	0
310	0
482	0
231	0
129	0
158	0
854	0
716	0
287	0
782	0
422	0
516	0
479	0
238	0
289	0
728	0
478	0
539	0
703	0
960	0
796	0
957	0
923	0
865	0
800	0
358	0
209	0
138	0
735	0
418	0
900	0
329	0
668	0
733	0
442	0
499	0
555	0
862	0
847	0
673	0
135	0
489	0
266	0
214	0
710	0
154	0
123	0
347	0
300	0
755	0
245	0
754	0
178	0
630	0
985	0
680	0
992	0
124	0
879	0
366	0
687	0
584	0
497	0
946	0
984	0
959	0
458	0
604	0
351	0
637	0
907	0
766	0
782	0
859	0
972	0
850	0
959	0
469	0
523	0
215	0
476	0
690	0
940	0
656	0
216	0
689	0
310	0
857	0
160	0
788	0
476	0
434	0
906	0
649	0
680	0
665	0
550	0
764	0
813	0
790	0
703	0
473	0
900	0
112	0
417	0
226	0
207	0
715	0
922	0
829	0
704	0
497	0
676	0
399	0
682	0
818	0
973	0
249	0
352	0
710	0
250	0
758	0
357	0
694	0
229	0
462	0
502	0
916	0
580	0
183	0
309	0
883	0
146	0
271	0
229	0
644	0
562	0
583	0
156	0
711	0
656	0
672	0
525	0
279	0
777	0
825	0
170	0
958	0
305	0
389	0
312	0
136	0
615	0
996	0
953	0
688	0
991	0
753	0
476	0
414	0
562	0
952	0
920	0
117	0
581	0
861	0
385	0
214	0
296	0
438	0
435	0
315	0
402	0
450	0
664	0
223	0
121	0
254	0
745	0
245	0
262	0
657	0
436	0
235	0
480	0
651	0
276	0
864	0
867	0
588	0
100	0
112	0
406	0
775	0
650	0
549	0
791	0
849	0
653	0
398	0
713	0
335	0
690	0
456	0
183	1
655	1
748	1
243	1
726	1
323	1
737	1
225	1
902	1
559	1
688	1
286	1
814	1
229	1
460	1
595	1
569	1
150	1
772	1
998	1
583	1
540	1
154	1
302	1
254	1
563	1
505	1
778	1
781	1
738	1
695	1
691	1
466	1
432	1
206	1
469	1
238	1
661	1
438	1
957	1
862	1
202	1
162	1
575	1
817	1
560	1
493	1
340	1
222	1
651	1
656	1
165	1
563	1
232	1
142	1
515	1
521	1
950	1
707	1
482	1
666	1
433	1
647	1
338	1
753	1
407	1
156	1
782	1
337	1
974	1
330	1
481	1
373	1
786	1
362	1
596	1
910	1
355	1
713	1
520	1
944	1
679	1
254	1
250	1
477	1
796	1
709	1
415	1
211	1
965	1
188	1
967	1
300	1
363	1
862	1
853	1
178	1
679	1
434	1
139	1
450	1
578	1
749	1
643	1
129	1
735	1
919	1
904	1
434	1
212	1
339	1
893	1
597	1
375	1
561	1
853	1
447	1
711	1
743	1
543	1
539	1
418	1
436	1
705	1
997	1
569	1
203	1
370	1
714	1
922	1
814	1
979	1
885	1
247	1
104	1
535	1
363	1
129	1
957	1
236	1
432	1
183	1
209	1
870	1
818	1
274	1
530	1
284	1
268	1
988	1
596	1
314	1
656	1
494	1
535	1
355	1
647	1
308	1
204	1
703	1
944	1
602	1
171	1
662	1
144	1
358	1
944	1
141	1
727	1
386	1
670	1
732	1
161	1
562	1
984	1
443	1
788	1
192	1
168	1
535	1
309	1
655	1
599	1
170	1
174	1
479	1
667	1
997	1
918	1
939	1
658	1
380	1
321	1
271	1
772	1
755	1
295	1
827	1
335	1
343	1
272	1
273	1
142	1
686	1
459	1
512	1
824	1
814	1
769	1
479	1
939	1
686	1
155	1
436	1
498	1
180	1
404	1
924	1
828	1
321	1
487	1
397	1
281	1
827	1
979	1
600	1
717	1
118	1
749	1
108	1
518	1
279	1
324	1
154	1
574	1
674	1
914	1
894	1
852	1
778	1
858	1
806	1
749	1
844	1
612	1
580	1
296	1
388	1
662	1
451	1
577	1
448	1
846	1
452	1
976	1
301	1
716	1
235	1
963	1
181	1
213	1
162	1
118	1
398	1
845	1
609	1
865	1
224	1
330	1
763	1
302	1
748	1
337	1
127	1
906	1
942	1
347	1
289	1
171	1
402	1
630	1
281	1
153	1
805	1
530	1
197	1
711	1
734	1
343	1
356	1
764	1
743	1
678	1
892	1
636	1
569	1
564	1
293	1
571	1
648	1
787	1
969	1
317	1
218	1
395	1
652	1
475	1
547	1
492	1
839	1
724	1
499	1
537	1
427	1
213	1
806	1
913	1
837	1
295	1
950	1
704	1
466	1
379	1
801	1
615	1
777	1
622	1
347	1
839	1
900	1
406	1
982	1
136	1
214	1
735	1
375	1
981	1
569	1
471	1
673	1
445	1
195	1
145	1
928	1
510	1
691	1
227	1
860	1
209	1
233	1
1000	1
869	1
498	1
463	1
869	1
243	1
264	1
475	1
451	1
535	1
342	1
931	1
916	1
572	1
166	1
838	1
405	1
933	1
816	1
708	1
382	1
639	1
370	1
735	1
548	1
331	1
178	1
932	1
611	1
886	1
238	1
166	1
889	1
657	1
367	1
987	1
960	1
755	1
929	1
998	1
450	1
806	1
563	1
371	1
475	1
712	1
104	1
436	1
123	1
985	1
306	1
308	1
329	1
145	1
838	1
657	1
845	1
719	1
690	1
149	1
188	1
127	1
685	1
359	1
911	1
566	1
167	1
274	1
891	1
149	1
141	1
693	1
377	1
1000	1
452	1
710	1
701	1
909	1
482	1
809	1
801	1
131	1
809	1
566	1
893	1
897	1
460	1
741	1
757	1
404	1
787	1
736	1
456	1
636	1
994	1
953	1
868	1
484	1
849	1
764	1
539	1
563	1
135	1
620	1
370	1
442	1
874	1
127	1
379	1
354	1
792	1
386	1
551	1
581	1
608	1
981	1
699	1
805	1
274	1
339	1
889	1
978	1
970	1
543	1
537	1
856	1
655	1
406	1
437	1
702	1
287	1
806	1
333	1
859	1
505	1
650	1
412	1
537	1
364	1
192	1
379	1
920	1
111	1
671	1
325	1
856	1
894	1
379	1
555	1
962	1
723	1
384	1
786	1
983	1
1000	1
791	1
361	1
923	1
247	1
801	1
931	1
458	1
553	1
760	1
330	1
238	1
847	1
984	1
276	1
898	1
149	1
620	1
732	1
662	1
836	1
352	1
772	1
501	1
459	1
982	1
566	1
930	1
193	1
717	1
182	1
256	1
173	1
869	1
237	1
736	1
313	1
515	1
347	1
499	1
882	1
280	1
354	1
803	1
461	1
546	1
868	1
235	1
985	1
648	1
314	1
905	1
832	1
738	1
823	1
683	1
745	1
224	1
392	1
317	1
464	1
618	1
664	1
866	1
528	1
618	1
760	1
709	1
977	1
930	1
420	1
269	1
705	1
253	1
302	1
898	1
581	1
552	1
358	1
966	1
295	1
342	1
612	1
558	1
599	1
556	1
782	1
793	1
839	1
792	1
361	1
474	1
319	1
874	1
702	1
689	1
597	1
888	1
224	1
706	1
422	1
319	1
945	1
509	1
563	1
874	1
329	1
264	1
489	1
783	1
580	1
230	1
881	1
915	1
758	1
957	1
581	1
506	1
855	1
787	1
844	1
213	1
911	1
624	1
280	1
975	1
392	1
376	1
950	1
294	1
476	1
444	1
125	1
689	1
796	1
240	1
354	1
445	1
759	1
272	1
408	1
398	1
449	1
679	1
474	1
227	1
525	1
987	1
120	1
155	1
795	1
218	1
501	1
100	1
532	1
246	1
106	1
384	1
990	1
497	1
685	1
200	1
186	1
776	1
935	1
438	1
1000	1
253	1
510	1
847	1
405	1
847	1
478	1
521	1
978	1
456	1
754	1
340	1
955	1
222	1
967	1
953	1
225	1
169	1
125	1
367	1
907	1
987	1
968	1
357	1
263	1
248	1
163	1
332	1
640	1
600	1
217	1
979	1
817	1
227	1
304	1
345	1
398	1
597	1
128	1
421	1
997	1
982	1
597	1
496	1
987	1
589	1
507	1
598	1
663	1
662	1
689	1
713	1
548	1
692	1
663	1
233	1
308	1
536	1
338	1
714	1
526	1
552	1
562	1
178	1
413	1
888	1
706	1
936	1
241	1
272	1
490	1
741	1
415	1
688	1
331	1
619	1
339	1
851	1
198	1
791	1
919	1
324	1
164	1
953	1
148	1
795	1
932	1
304	1
170	1
559	1
440	1
458	1
918	1
931	1
358	1
430	1
207	1
790	1
366	1
595	1
628	1
666	1
377	1
326	1
848	1
520	1
535	1
483	1
378	1
606	1
207	1
418	1
282	1
136	1
254	1
568	1
311	1
971	1
734	1
156	1
793	1
892	1
986	1
530	1
334	1
531	1
171	1
890	1
864	1
549	1
968	1
649	1
102	1
569	1
893	1
892	1
370	1
475	1
140	1
700	1
885	1
176	1
487	1
120	1
191	1
904	1
824	1
763	1
761	1
165	1
214	1
700	1
977	1
764	1
826	1
226	1
941	1
411	1
527	1
469	1
680	1
466	1
876	1
233	1
834	1
533	1
586	1
513	1
750	1
372	1
141	1
569	1
875	1
878	1
636	1
114	1
697	1
364	1
595	1
704	1
265	1
687	1
315	1
328	1
697	1
330	1
197	1
742	1
306	1
249	1
410	1
463	1
513	1
175	1
604	1
539	1
222	1
591	1
276	1
765	1
268	1
793	1
123	1
238	1
431	1
456	1
919	1
202	1
780	1
290	1
318	1
299	1
360	1
343	1
109	1
469	1
464	1
436	1
849	1
826	1
744	1
515	1
679	1
602	1
504	1
759	1
785	1
596	1
224	1
198	1
520	1
293	1
970	1
649	1
190	1
496	1
333	1
417	1
984	1
874	1
639	1
273	1
746	1
317	1
495	1
741	1
470	1
702	1
433	1
861	1
926	1
521	1
194	1
916	1
421	1
782	1
356	1
138	1
483	1
141	1
470	1
350	1
471	1
140	1
954	1
268	1
163	1
867	1
900	1
928	1
899	1
460	1
261	1
384	1
171	1
442	1
625	1
969	1
885	1
303	1
222	1
979	1
729	1
350	1
953	1
807	1
405	1
606	1
465	1
800	1
590	1
766	1
568	1
188	1
218	1
709	1
696	1
427	1
150	1
626	1
526	1
396	1
345	1
827	1
315	1
202	1
105	1
893	1
962	1
806	1
653	1
887	1
317	1
226	1
211	1
957	1
219	1
972	1
341	1
864	1
556	1
163	1
189	1
528	1
355	1
827	1
870	1
780	1
126	1
162	1
997	1
778	1
559	1
359	1
821	1
156	1
595	1
470	1
657	1
222	1
201	1
712	1
116	1
476	1
800	1
282	1
139	1
878	1
762	1
741	1
586	1
671	1
255	1
139	1
238	1
834	1
590	1
813	1
807	1
586	1
706	1
626	1
703	1
548	1
782	1
677	1
378	1
312	1
280	1
714	1
877	1
735	1
953	1
497	1
895	1
830	1
965	1
401	1
786	1
231	1
188	1
312	1
785	1
830	1
394	1
772	1
731	1
422	1
448	1
276	1
114	1
726	1
934	1
914	1
968	1
516	1
901	1
791	1
807	1
249	1
381	1
784	1
399	1
171	1
818	1
528	1
330	1
634	1
136	1
107	1
251	1
966	1
159	1
599	1
562	1
425	1
539	1
552	1
426	1
622	1
525	1
637	1
525	1
720	1
464	1
971	1
727	1
191	1
883	1
109	1
185	1
790	1
618	1
371	1
920	1
416	1
177	1
631	1
440	1
239	1
536	1
761	1
503	1
454	1
265	1
131	1
605	1
726	1
664	1
944	1
887	1
833	1
529	1
829	1
802	1
727	1
981	1
914	1
776	1
872	1
387	1
985	1
878	1
867	1
581	1
433	1
265	1
311	1
880	1
883	1
178	1
366	1
373	1
613	1
290	1
787	1
941	1
949	1
330	1
902	1
353	1
119	1
233	1
636	1
688	1
330	1
239	1
174	1
305	1
201	1
859	1
337	1
501	1
399	1
174	1
369	1
257	1
957	1
684	1
671	1
313	1
689	1
827	1
938	1
360	1
596	1
621	1
588	1
333	1
876	1
215	1
940	1
404	1
915	1
854	1
544	1
367	1
430	1
652	1
853	1
892	1
970	1
218	1
524	1
914	1
961	1
884	1
922	1
594	1
347	1
912	1
249	1
625	1
664	1
875	1
556	1
854	1
489	1
417	1
921	1
485	1
106	1
446	1
814	1
310	1
370	1
544	1
901	1
482	1
897	1
362	1
199	1
678	1
876	1
927	1
687	1
899	1
402	1
210	1
914	1
767	1
124	1
448	1
732	1
252	1
552	1
554	1
870	1
299	1
360	1
946	1
180	1
613	1
472	1
597	1
561	1
320	1
597	1
528	1
819	1
400	1
193	1
435	1
122	1
960	1
105	1
321	1
519	1
530	1
368	1
773	1
403	1
652	1
749	1
905	1
303	1
600	1
406	1
518	1
660	1
752	1
641	1
466	1
933	1
164	1
320	1
902	1
374	1
983	1
440	1
187	1
425	1
794	1
838	1
392	1
845	1
166	1
492	1
712	1
566	1
230	1
427	1
530	1
680	1
491	1
297	1
542	1
830	1
848	1
263	1
822	1
567	1
852	1
867	1
285	1
293	1
744	1
312	1
783	1
591	1
671	1
108	1
376	1
997	1
851	1
744	1
838	1
945	1
126	1
614	1
342	1
454	1
253	1
601	1
838	1
356	1
726	1
797	1
693	1
271	1
692	1
978	1
254	1
344	1
186	1
924	1
160	1
790	1
236	1
787	1
267	1
989	1
712	1
800	1
897	1
752	1
603	1
403	1
475	1
960	1
311	1
521	1
709	1
563	1
978	1
545	1
953	1
901	1
222	1
151	1
355	1
645	1
786	1
821	1
234	1
675	1
234	1
216	1
362	1
251	1
848	1
669	1
561	1
675	1
352	1
245	1
421	1
424	1
392	1
734	1
623	1
670	1
454	1
335	1
773	1
285	1
650	1
917	1
195	1
545	1
308	1
839	1
391	1
292	1
234	1
803	1
919	1
120	1
866	1
940	1
215	1
417	1
407	1
872	1
379	1
558	1
382	1
329	1
735	1
849	1
129	1
729	1
217	1
916	1
296	1
576	1
928	1
788	1
842	1
521	1
218	1
855	1
999	1
628	1
612	1
294	1
807	1
818	1
978	1
353	1
716	1
674	1
218	1
591	1
597	1
270	1
412	1
153	1
596	1
723	1
765	1
452	1
679	1
592	1
774	1
718	1
444	1
249	1
727	1
343	1
315	1
806	1
831	1
477	1
707	1
191	1
472	1
980	1
603	1
972	1
352	1
341	1
649	1
428	1
411	1
499	1
364	1
649	1
575	1
333	1
615	1
800	1
611	1
907	1
304	1
836	1
498	1
588	1
332	1
598	1
251	1
183	1
686	1
733	1
125	1
252	1
887	1
380	1
634	1
958	1
851	1
703	1
628	1
565	1
737	1
456	1
652	1
498	1
174	1
454	1
493	1
375	1
656	1
569	1
485	1
184	1
144	1
899	1
749	1
107	1
482	1
432	1
246	1
757	1
797	1
236	1
836	1
953	1
289	1
553	1
639	1
625	1
227	1
197	1
116	1
549	1
832	1
314	1
976	1
373	1
484	1
180	1
334	1
138	1
672	1
492	1
795	1
799	1
544	1
808	1
246	1
230	1
662	1
446	1
325	1
585	1
911	1
592	1
508	1
845	1
800	1
833	1
101	1
345	1
633	1
798	1
946	1
721	1
603	1
912	1
387	1
674	1
600	1
504	1
261	1
627	1
409	1
246	1
151	1
609	1
306	1
551	1
353	1
419	1
539	1
445	1
821	1
314	1
364	1
239	1
956	1
893	1
714	1
184	1
492	1
834	1
455	1
111	1
717	1
119	1
832	1
380	1
699	1
160	1
155	1
795	1
378	1
635	1
948	1
870	1
870	1
675	1
566	1
307	1
135	1
599	1
945	1
962	1
704	1
300	1
593	1
148	1
635	1
288	1
337	1
552	1
743	1
135	1
450	1
417	1
647	1
690	1
968	1
256	1
860	1
393	1
766	1
799	1
944	1
995	1
596	1
127	1
478	1
501	1
881	1
462	1
235	1
641	1
178	1
251	1
177	1
758	1
573	1
606	1
320	1
750	1
844	1
492	1
370	1
458	1
129	1
698	1
119	1
376	1
405	1
896	1
255	1
273	1
612	1
987	1
112	1
278	1
779	1
839	1
994	1
540	1
294	1
518	1
469	1
118	1
791	1
727	1
154	1
289	1
497	1
714	1
984	1
867	1
648	1
165	1
690	1
655	1
479	1
779	1
651	1
278	1
151	1
243	1
192	1
114	1
977	1
502	1
333	1
817	1
895	1
951	1
349	1
914	1
855	1
462	1
460	1
705	1
620	1
542	1
982	1
316	1
254	1
684	1
909	1
778	1
732	1
950	1
144	1
471	1
216	1
899	1
664	1
929	1
777	1
739	1
441	1
749	1
415	1
265	1
677	1
168	1
862	1
989	1
205	1
581	1
486	1
731	1
563	1
146	1
687	1
980	1
657	1
470	1
860	1
623	1
442	1
847	1
581	1
929	1
145	1
702	1
339	1
245	1
502	1
127	1
411	1
790	1
706	1
548	1
224	1
507	1
260	1
304	1
772	1
893	1
672	1
128	1
847	1
935	1
867	1
444	1
447	1
770	1
834	1
234	1
382	1
345	1
503	1
130	1
767	1
700	1
399	1
778	1
1000	1
608	1
479	1
768	1
871	1
148	1
662	1
832	1
882	1
572	1
740	1
357	1
697	1
658	1
682	1
944	1
844	1
310	1
480	1
420	1
213	1
315	1
303	1
109	1
229	1
303	1
509	1
152	1
895	1
311	1
790	1
963	1
726	1
796	1
138	1
998	1
331	1
761	1
645	1
262	1
308	1
981	1
887	1
890	1
572	1
633	1
954	1
950	1
172	1
879	1
211	1
621	1
571	1
221	1
226	1
658	1
841	1
155	1
605	1
141	1
203	1
426	1
142	1
889	1
811	1
700	1
365	1
813	1
747	1
684	1
284	1
443	1
292	1
538	1
586	1
292	1
189	1
437	1
631	1
767	1
497	1
255	1
444	1
328	1
104	1
696	1
920	1
570	1
553	1
253	1
515	1
112	1
349	1
256	1
550	1
145	1
555	1
663	1
566	1
887	1
485	1
926	1
859	1
753	1
239	1
797	1
920	1
129	1
974	1
415	1
632	1
837	1
955	1
523	1
336	1
786	1
565	1
623	1
488	1
700	1
656	1
256	1
372	1
665	1
390	1
733	1
706	1
466	1
481	1
190	1
824	1
572	1
129	1
630	1
255	1
595	1
681	1
747	1
128	1
574	1
881	1
321	1
965	1
960	1
827	1
166	1
250	1
782	1
857	1
985	1
273	1
809	1
765	1
937	1
331	1
837	1
297	1
439	1
809	1
528	1
772	1
428	1
200	1
622	1
384	1
727	1
260	1
481	1
714	1
781	1
602	1
215	1
488	1
889	1
249	1
761	1
633	1
532	1
501	1
791	1
480	1
528	1
531	1
233	1
342	1
977	1
900	1
324	1
888	1
694	1
360	1
399	1
501	1
558	1
221	1
405	1
174	1
898	1
602	1
422	1
347	1
971	1
865	1
270	1
220	1
260	1
836	1
343	1
943	1
982	1
224	1
392	1
834	1
235	1
549	1
347	1
920	1
456	1
462	1
900	1
406	1
634	1
959	1
108	1
993	1
469	1
613	1
482	1
215	1
777	1
294	1
610	1
873	1
471	1
759	1
625	1
522	1
190	1
854	1
223	1
867	1
549	1
703	1
766	1
247	1
343	1
524	1
208	1
929	1
835	1
219	1
300	1
451	1
665	1
335	1
534	1
748	1
435	1
887	1
118	1
135	1
742	1
696	1
824	1
257	1
904	1
369	1
455	1
621	1
242	1
112	1
566	1
528	1
969	1
207	1
365	1
481	1
639	1
471	1
154	1
839	1
202	1
646	1
857	1
841	1
823	1
759	1
246	1
177	1
486	1
614	1
509	1
353	1
773	1
780	1
974	1
825	1
172	1
505	1
531	1
610	1
607	1
139	1
496	1
338	1
647	1
218	1
528	1
264	1
657	1
557	1
949	1
246	1
594	1
945	1
350	1
360	1
315	1
343	1
535	1
321	1
662	1
900	1
769	1
385	1
495	1
575	1
282	1
376	1
536	1
139	1
197	1
913	1
857	1
546	1
715	1
423	1
198	1
481	1
702	1
825	1
716	1
793	1
780	1
599	1
948	1
191	1
263	1
736	1
537	1
281	1
376	1
258	1
267	1
531	1
664	1
621	1
702	1
908	1
609	1
310	1
404	1
140	1
742	1
412	1
251	1
234	1
805	1
372	1
549	1
603	1
775	1
196	1
682	1
137	1
712	1
369	1
324	1
935	1
718	1
850	1
937	1
143	1
259	1
650	1
501	1
522	1
533	1
770	1
460	1
921	1
913	1
378	1
915	1
494	1
465	1
785	1
546	1
846	1
251	1
445	1
318	1
449	1
862	1
728	1
821	1
792	1
585	1
835	1
462	1
296	1
293	1
524	1
764	1
713	1
712	1
160	1
150	1
916	1
829	1
968	1
582	1
154	1
283	1
858	1
749	1
414	1
443	1
992	1
467	1
208	1
943	1
900	1
119	1
967	1
192	1
483	1
637	1
995	1
632	1
392	1
776	1
795	1
190	1
476	1
122	1
814	1
826	1
312	1
665	1
248	1
281	1
188	1
501	1
556	1
337	1
183	1
687	1
639	1
168	1
504	1
1000	1
415	1
723	1
201	1
723	1
731	1
123	1
115	1
660	1
216	1
466	1
126	1
157	1
356	1
870	1
967	1
281	1
708	1
100	1
490	1
626	1
154	1
150	1
995	1
710	1
541	1
667	1
112	1
749	1
823	1
803	1
134	1
194	1
630	1
930	1
220	1
649	1
456	1
162	1
226	1
963	1
844	1
925	1
387	1
318	1
754	1
969	1
541	1
263	1
898	1
135	1
755	1
220	1
710	1
213	1
691	1
463	1
772	1
600	1
805	1
176	1
822	1
329	1
779	1
533	1
605	1
875	1
971	1
463	1
392	1
683	1
258	1
203	1
219	1
158	1
357	1
445	1
664	1
863	1
114	1
684	1
405	1
133	1
718	1
101	1
954	1
705	1
594	1
496	1
248	1
327	1
827	1
245	1
938	1
370	1
885	1
633	1
557	1
689	1
669	1
116	1
384	1
977	1
230	1
711	1
411	1
839	1
695	1
944	1
409	1
869	1
826	1
272	1
518	1
570	1
510	1
359	1
411	1
890	1
876	1
495	1
981	1
436	1
204	1
211	1
502	1
435	1
234	1
554	1
324	1
947	1
141	1
710	1
929	1
620	1
502	1
381	1
478	1
120	1
849	1
986	1
260	1
768	1
429	1
950	1
499	1
728	1
199	1
359	1
457	1
712	1
783	1
493	1
322	1
575	1
266	1
999	1
545	1
655	1
601	1
637	1
171	1
324	1
695	1
230	1
714	1
758	1
853	1
913	1
699	1
331	1
307	1
511	1
277	1
323	1
618	1
689	1
806	1
468	1
849	1
263	1
978	1
626	1
494	1
956	1
502	1
172	1
818	1
300	1
302	1
664	1
231	1
785	1
954	1
749	1
577	1
813	1
865	1
754	1
137	1
331	1
543	1
423	1
732	1
776	1
967	1
188	1
649	1
476	1
416	1
253	1
321	1
622	1
549	1
482	1
620	1
638	1
809	1
194	1
534	1
958	1
878	1
756	1
458	1
658	1
634	1
876	1
844	1
318	1
323	1
710	1
977	1
901	1
911	1
989	1
688	1
176	1
494	1
723	1
379	1
552	1
923	1
428	1
807	1
835	1
308	1
954	1
850	1
314	1
414	1
811	1
851	1
268	1
527	1
348	1
524	1
193	1
477	1
449	1
700	1
229	1
772	1
606	1
306	1
184	1
353	1
480	1
718	1
399	1
399	1
316	1
738	1
595	1
973	1
548	1
469	1
324	1
263	1
938	1
138	1
774	1
179	1
504	1
789	1
724	1
260	1
433	1
244	1
855	1
619	1
892	1
644	1
424	1
829	1
937	1
175	1
319	1
754	1
368	1
877	1
399	1
840	1
701	1
186	1
518	1
717	1
638	1
356	1
359	1
266	1
480	1
361	1
625	1
293	1
799	1
212	1
128	1
904	1
728	1
648	1
726	1
422	1
671	1
354	1
365	1
439	1
947	1
1000	1
657	1
446	1
132	1
601	1
161	1
164	1
765	1
636	1
956	1
790	1
404	1
881	1
928	1
396	1
281	1
594	1
485	1
679	1
494	1
798	1
913	1
473	1
849	1
524	1
302	1
556	1
846	1
605	1
624	1
544	1
660	1
356	1
336	1
474	1
582	1
407	1
523	1
800	1
110	1
104	1
376	1
152	1
679	1
891	1
680	1
180	1
212	1
701	1
925	1
144	1
934	1
255	1
560	1
684	1
623	1
187	1
366	1
896	1
971	1
379	1
341	1
150	1
381	1
423	1
770	1
367	1
319	1
619	1
877	1
404	1
525	1
998	1
454	1
315	1
717	1
201	1
979	1
657	1
912	1
463	1
749	1
384	1
294	1
750	1
911	1
493	1
976	1
313	1
300	1
778	1
797	1
992	1
414	1
958	1
493	1
968	1
695	1
623	1
528	1
380	1
877	1
151	1
797	1
503	1
817	1
103	1
926	1
170	1
394	1
164	1
859	1
816	1
103	1
520	1
514	1
995	1
605	1
469	1
935	1
294	1
985	1
965	1
245	1
793	1
276	1
916	1
553	1
979	1
799	1
846	1
925	1
728	1
720	1
695	1
530	1
630	1
718	1
976	1
714	1
919	1
251	1
472	1
133	1
434	1
739	1
291	1
172	1
956	1
178	1
417	1
105	1
646	1
306	1
234	1
582	1
421	1
841	1
923	1
258	1
639	1
668	1
622	1
301	1
535	1
767	1
338	1
898	1
451	1
536	1
991	1
152	1
390	1
558	1
443	1
732	1
101	1
194	1
816	1
760	1
440	1
838	1
537	1
379	1
538	1
272	1
221	1
957	1
400	1
455	1
383	1
702	1
358	1
633	1
159	1
161	1
797	1
635	1
585	1
877	1
121	1
917	1
271	1
315	1
923	1
830	1
693	1
356	1
949	1
743	1
815	1
501	1
333	1
589	1
939	1
753	1
387	1
156	1
454	1
710	1
830	1
259	1
509	1
779	1
637	1
895	1
361	1
564	1
326	1
153	1
128	1
558	1
831	1
770	1
998	1
366	1
743	1
708	1
196	1
689	1
756	1
874	1
583	1
456	1
399	1
577	1
270	1
571	1
266	1
167	1
826	1
423	1
138	1
122	1
831	1
833	1
755	1
702	1
468	1
813	1
843	1
593	1
467	1
247	1
827	1
937	1
786	1
520	1
366	1
828	1
569	1
997	1
360	1
461	1
834	1
592	1
504	1
543	1
872	1
567	1
351	1
331	1
689	1
385	1
746	1
379	1
660	1
939	1
240	1
924	1
147	1
983	1
834	1
727	1
678	1
623	1
471	1
182	1
411	1
414	1
165	1
358	1
362	1
661	1
956	1
931	1
426	1
358	1
176	1
640	1
899	1
280	1
186	1
787	1
441	1
337	1
227	1
986	1
317	1
104	1
489	1
524	1
456	1
368	1
239	1
359	1
504	1
627	1
227	1
860	1
855	1
882	1
154	1
824	1
122	1
232	1
582	1
100	1
606	1
478	1
845	1
636	1
680	1
431	1
660	1
132	1
311	1
469	1
331	1
416	1
843	1
913	1
739	1
117	1
887	1
324	1
161	1
793	1
455	1
603	1
114	1
684	1
808	1
641	1
170	1
804	1
750	1
635	1
528	1
435	1
1000	1
118	1
568	1
192	1
230	1
442	1
500	1
651	1
255	1
889	1
254	1
935	1
668	1
175	1
579	1
416	1
764	1
611	1
502	1
191	1
340	1
686	1
707	1
299	1
572	1
322	1
857	1
576	1
933	1
472	1
189	1
555	1
538	1
313	1
136	1
615	1
326	1
845	1
935	1
242	1
771	1
613	1
773	1
793	1
155	1
851	1
825	1
261	1
215	1
772	1
140	1
939	1
727	1
716	1
456	1
906	1
233	1
895	1
944	1
375	1
682	1
416	1
135	1
325	1
295	1
897	1
612	1
876	1
491	1
643	1
533	1
633	1
907	1
539	1
481	1
231	1
273	1
429	1
393	1
504	1
803	1
807	1
308	1
971	1
793	1
121	1
192	1
619	1
222	1
124	1
485	1
351	1
1000	1
181	1
900	1
829	1
931	1
145	1
776	1
629	1
537	1
201	1
409	1
167	1
643	1
598	1
833	1
693	1
504	1
610	1
114	1
816	1
768	1
596	1
666	1
411	1
128	1
347	1
588	1
276	1
518	1
120	1
868	1
519	1
264	1
680	1
959	1
503	1
598	1
884	1
745	1
505	1
635	1
961	1
980	1
177	1
445	1
995	1
959	1
404	1
412	1
220	1
227	1
937	1
581	1
763	1
203	1
914	1
394	1
481	1
270	1
909	1
486	1
707	1
764	1
156	1
565	1
406	1
247	1
721	1
792	1
122	1
152	1
722	1
735	1
538	1
331	1
291	1
831	1
1000	1
176	1
313	1
599	1
489	1
526	1
145	1
647	1
755	1
155	1
726	1
915	1
713	1
405	1
232	1
245	1
298	1
228	1
724	1
736	1
142	1
523	1
931	1
805	1
772	1
889	1
348	1
500	1
579	1
408	1
532	1
452	1
436	1
644	1
437	1
246	1
938	1
411	1
766	1
958	1
867	1
237	1
682	1
232	1
236	1
981	1
240	1
961	1
442	1
668	1
888	1
851	1
929	1
293	1
487	1
867	1
166	1
970	1
168	1
349	1
567	1
362	1
903	1
507	1
648	1
743	1
195	1
224	1
579	1
477	1
364	1
970	1
655	1
359	1
614	1
242	1
596	1
254	1
488	1
717	1
331	1
812	1
894	1
542	1
899	1
224	1
205	1
630	1
637	1
205	1
492	1
288	1
207	1
929	1
452	1
679	1
675	1
245	1
547	1
817	1
459	1
346	1
691	1
531	1
254	1
251	1
126	1
263	1
689	1
924	1
668	1
112	1
796	1
210	1
770	1
302	1
944	1
203	1
341	1
815	1
770	1
864	1
756	1
237	1
335	1
518	1
349	1
179	1
763	1
764	1
171	1
601	1
578	1
131	1
381	1
907	1
481	1
384	1
695	1
474	1
518	1
584	1
273	1
927	1
174	1
660	1
922	1
409	1
971	1
856	1
480	1
449	1
453	1
891	1
831	1
565	1
450	1
177	1
424	1
211	1
173	1
348	1
525	1
893	1
280	1
697	1
681	1
141	1
368	1
354	1
496	1
697	1
634	1
848	1
480	1
562	1
901	1
624	1
594	1
720	1
667	1
415	1
160	1
243	1
347	1
986	1
932	1
861	1
954	1
511	1
402	1
422	1
543	1
998	1
924	1
110	1
174	1
539	1
556	1
437	1
370	1
780	1
442	1
168	1
1000	1
204	1
689	1
906	1
936	1
961	1
395	1
787	1
350	1
315	1
190	1
147	1
773	1
317	1
396	1
856	1
483	1
243	1
337	1
294	1
374	1
946	1
525	1
988	1
673	1
193	1
964	1
295	1
611	1
485	1
263	1
372	1
397	1
663	1
875	1
632	1
839	1
627	1
290	1
261	1
698	1
952	1
541	1
512	1
200	1
517	1
230	1
197	1
527	1
614	1
963	1
507	1
820	1
191	1
893	1
931	1
208	1
523	1
730	1
663	1
117	1
680	1
513	1
905	1
640	1
852	1
166	1
660	1
110	1
828	1
596	1
350	1
705	1
195	1
848	1
122	1
552	1
308	1
870	1
719	1
799	1
112	1
397	1
906	1
547	1
523	1
867	1
796	1
513	1
181	1
505	1
358	1
668	1
263	1
750	1
849	1
230	1
822	1
937	1
927	1
158	1
437	1
876	1
414	1
933	1
309	1
156	1
316	1
715	1
940	1
476	1
133	1
747	1
732	1
397	1
720	1
431	1
898	1
611	1
609	1
480	1
514	1
502	1
198	1
769	1
980	1
239	1
730	1
656	1
994	1
779	1
802	1
742	1
295	1
564	1
893	1
878	1
932	1
373	1
303	1
900	1
901	1
116	1
902	1
317	1
304	1
177	1
447	1
226	1
632	1
950	1
454	1
212	1
535	1
196	1
873	1
707	1
717	1
986	1
914	1
726	1
634	1
157	1
710	1
162	1
242	1
223	1
738	1
313	1
973	1
308	1
709	1
806	1
290	1
766	1
751	1
662	1
927	1
404	1
293	1
642	1
971	1
749	1
678	1
140	1
518	1
811	1
540	1
724	1
968	1
555	1
709	1
229	1
699	1
376	1
482	1
790	1
615	1
551	1
690	1
400	1
522	1
595	1
985	1
780	1
337	1
972	1
187	1
669	1
557	1
746	1
935	1
243	1
762	1
905	1
780	1
832	1
311	1
796	1
751	1
567	1
803	1
329	1
164	1
143	1
100	1
399	1
632	1
213	1
436	1
783	1
761	1
935	1
483	1
652	1
427	1
273	1
750	1
817	1
192	1
664	1
903	1
181	1
960	1
828	1
808	1
389	1
118	1
258	1
825	1
201	1
630	1
142	1
712	1
572	1
295	1
616	1
435	1
113	1
352	1
919	1
355	1
325	1
128	1
696	1
348	1
940	1
809	1
607	1
432	1
177	1
120	1
283	1
910	1
288	1
826	1
767	1
688	1
535	1
676	1
239	1
922	1
951	1
161	1
704	1
102	1
779	1
357	1
745	1
822	1
508	1
145	1
769	1
909	1
357	1
114	1
691	1
123	1
752	1
741	1
965	1
278	1
684	1
973	1
571	1
698	1
946	1
846	1
333	1
612	1
579	1
628	1
121	1
978	1
231	1
115	1
828	1
421	1
181	1
260	1
889	1
924	1
991	1
689	1
839	1
541	1
421	1
140	1
665	1
275	1
961	1
811	1
326	1
759	1
657	1
774	1
910	1
530	1
267	1
977	1
527	1
424	1
360	1
462	1
986	1
737	1
742	1
253	1
804	1
361	1
642	1
449	1
950	1
130	1
159	1
259	1
939	1
757	1
355	1
157	1
620	1
371	1
849	1
479	1
807	1
753	1
286	1
603	1
415	1
904	1
874	1
406	1
597	1
421	1
488	1
283	1
593	1
140	1
307	1
175	1
767	1
240	1
592	1
558	1
781	1
944	1
583	1
455	1
184	1
352	1
830	1
662	1
413	1
231	1
885	1
762	1
636	1
642	1
270	1
793	1
524	1
139	1
555	1
135	1
135	1
287	1
554	1
115	1
523	1
392	1
500	1
727	1
654	1
422	1
280	1
190	1
120	1
896	1
437	1
849	1
332	1
401	1
520	1
170	1
275	1
967	1
230	1
459	1
123	1
643	1
299	1
245	1
250	1
602	1
103	1
401	1
472	1
121	1
848	1
518	1
216	1
709	1
170	1
674	1
817	1
965	1
640	1
432	1
612	1
827	1
953	1
373	1
452	1
664	1
353	1
358	1
492	1
268	1
656	1
736	1
404	1
217	1
856	1
332	1
782	1
662	1
224	1
587	1
279	1
645	1
194	1
506	1
496	1
595	1
203	1
348	1
172	1
234	1
203	1
883	1
110	1
161	1
352	1
433	1
176	1
961	1
916	1
181	1
826	1
608	1
261	1
520	1
191	1
823	1
289	1
438	1
576	1
529	1
569	1
563	1
937	1
786	1
748	1
564	1
404	1
818	1
259	1
596	1
140	1
940	1
565	1
875	1
612	1
122	1
497	1
353	1
237	1
718	1
167	1
549	1
921	1
864	1
592	1
106	1
427	1
513	1
946	1
192	1
155	1
538	1
117	1
109	1
430	1
594	1
588	1
511	1
167	1
513	1
849	1
177	1
606	1
629	1
701	1
134	1
192	1
124	1
506	1
766	1
655	1
402	1
704	1
827	1
493	1
563	1
409	1
398	1
155	1
886	1
579	1
978	1
294	1
430	1
190	1
278	1
973	1
674	1
914	1
666	1
479	1
250	1
521	1
361	1
984	1
573	1
219	1
670	1
621	1
102	1
410	1
998	1
126	1
286	1
502	1
503	1
962	1
795	1
930	1
190	1
653	1
587	1
597	1
415	1
838	1
463	1
458	1
232	1
919	1
819	1
968	1
663	1
175	1
710	1
343	1
778	1
614	1
767	1
799	1
145	1
552	1
412	1
630	1
968	1
388	1
623	1
199	1
701	1
103	1
218	1
280	1
789	1
335	1
999	1
153	1
275	1
274	1
954	1
849	1
223	1
319	1
665	1
133	1
332	1
336	1
370	1
140	1
316	1
857	1
414	1
847	1
946	1
298	1
108	1
438	1
390	1
627	1
161	1
169	1
807	1
171	1
288	1
869	1
959	1
253	1
943	1
333	1
455	1
319	1
973	1
450	1
394	1
913	1
804	1
504	1
946	1
332	1
830	1
541	1
990	1
986	1
973	1
703	1
961	1
814	1
169	1
181	1
756	1
549	1
316	1
225	1
296	1
418	1
727	1
604	1
555	1
140	1
156	1
270	1
662	1
536	1
446	1
138	1
858	1
715	1
533	1
479	1
653	1
202	1
636	1
858	1
408	1
777	1
549	1
517	1
183	1
721	1
829	1
742	1
276	1
244	1
298	1
943	1
310	1
129	1
501	1
786	1
147	1
991	1
404	1
498	1
901	1
951	1
657	1
688	1
448	1
551	1
612	1
110	1
723	1
503	1
680	1
756	1
570	1
386	1
352	1
380	1
133	1
754	1
186	1
172	1
368	1
147	1
613	1
970	1
557	1
752	1
728	1
141	1
542	1
642	1
910	1
316	1
972	1
207	1
558	1
847	1
230	1
162	1
325	1
840	1
743	1
653	1
609	1
307	1
931	1
923	1
474	1
656	1
612	1
635	1
325	1
922	1
355	1
131	1
457	1
455	1
334	1
224	1
734	1
496	1
762	1
449	1
864	1
833	1
466	1
419	1
761	1
782	1
668	1
466	1
637	1
541	1
925	1
194	1
890	1
321	1
772	1
321	1
631	1
478	1
357	1
833	1
141	1
418	1
437	1
150	1
445	1
612	1
468	1
508	1
335	1
447	1
262	1
498	1
291	1
942	1
423	1
570	1
822	1
622	1
856	1
142	1
271	1
932	1
955	1
118	1
195	1
819	1
255	1
605	1
603	1
230	1
766	1
607	1
395	1
743	1
842	1
210	1
190	1
332	1
160	1
232	1
669	1
752	1
597	1
256	1
754	1
308	1
157	1
591	1
424	1
106	1
276	1
255	1
690	1
391	1
571	1
123	1
899	1
656	1
540	1
618	1
684	1
732	1
615	1
497	1
591	1
631	1
184	1
203	1
513	1
904	1
435	1
788	1
100	1
485	1
586	1
376	1
400	1
823	1
656	1
532	1
183	1
408	1
399	1
912	1
414	1
572	1
105	1
124	1
599	1
495	1
234	1
900	1
886	1
511	1
978	1
349	1
125	1
772	1
483	1
338	1
597	1
434	1
158	1
791	1
377	1
779	1
807	1
815	1
940	1
881	1
328	1
105	1
682	1
313	1
913	1
119	1
431	1
446	1
693	1
849	1
305	1
899	1
316	1
274	1
319	1
292	1
931	1
979	1
516	1
300	1
690	1
899	1
726	1
563	1
677	1
771	1
430	1
555	1
524	1
644	1
564	1
784	1
419	1
342	1
205	1
630	1
135	1
585	1
671	1
158	1
499	1
393	1
420	1
106	1
799	1
287	1
732	1
284	1
374	1
497	1
183	1
795	1
846	1
928	1
632	1
832	1
964	1
909	1
482	1
696	1
155	1
226	1
493	1
217	1
484	1
825	1
592	1
785	1
610	1
593	1
904	1
206	1
978	1
775	1
872	1
886	1
905	1
922	1
304	1
418	1
500	1
668	1
752	1
583	1
851	1
646	1
193	1
952	1
302	1
486	1
601	1
797	1
324	1
191	1
953	1
272	1
118	1
678	1
706	1
674	1
594	1
270	1
364	1
945	1
482	1
935	1
948	1
475	1
864	1
459	1
455	1
728	1
480	1
360	1
942	1
983	1
719	1
519	1
568	1
743	1
469	1
628	1
686	1
439	1
459	1
270	1
937	1
503	1
411	1
635	1
738	1
293	1
672	1
510	1
433	1
102	1
299	1
101	1
242	1
399	1
147	1
275	1
495	1
344	1
445	1
938	1
582	1
370	1
271	1
102	1
259	1
501	1
930	1
981	1
213	1
959	1
326	1
381	1
579	1
222	1
429	1
252	1
344	1
202	1
469	1
537	1
731	1
947	1
269	1
347	1
499	1
123	1
352	1
830	1
740	1
811	1
306	1
910	1
720	1
493	1
345	1
934	1
314	1
810	1
505	1
750	1
157	1
489	1
114	1
235	1
444	1
605	1
268	1
992	1
169	1
537	1
214	1
653	1
116	1
305	1
483	1
105	1
325	1
911	1
490	1
141	1
640	1
167	1
826	1
849	1
306	1
919	1
166	1
598	1
923	1
381	1
528	1
939	1
276	1
980	1
196	1
795	1
950	1
402	1
895	1
235	1
954	1
671	1
441	1
417	1
710	1
473	1
157	1
106	1
343	1
884	1
505	1
228	1
646	1
209	1
201	1
120	1
529	1
556	1
128	1
860	1
318	1
441	1
954	1
650	1
242	1
280	1
455	1
685	1
987	1
166	1
372	1
137	1
241	1
575	1
923	1
998	1
422	1
290	1
591	1
953	1
849	1
804	1
710	1
182	1
229	1
821	1
884	1
216	1
687	1
935	1
159	1
387	1
930	1
210	1
653	1
313	1
346	1
520	1
956	1
986	1
524	1
475	1
958	1
842	1
167	1
465	1
348	1
207	1
713	1
108	1
940	1
343	1
682	1
934	1
267	1
680	1
596	1
739	1
892	1
955	1
890	1
757	1
473	1
200	1
308	1
644	1
230	1
808	1
110	1
819	1
111	1
558	1
694	1
946	1
476	1
835	1
201	1
240	1
753	1
393	1
994	1
825	1
603	1
875	1
801	1
994	1
566	1
412	1
177	1
253	1
955	1
277	1
669	1
779	1
